172
1 43 35871
2 34 28921
3 31 12849
4 37 30084
5 45 10981
6 30 32847
7 45 13600
8 37 30489
9 32 31557
10 36 16322
11 34 18130
12 39 40193
13 45 28880
14 30 23947
15 43 19969
16 32 22888
17 38 10001
18 34 10140
19 46 11315
20 42 27257
21 42 37112
22 37 39733
23 43 26686
24 40 28052
25 30 16774
26 49 19142
27 31 16408
28 33 36560
29 30 14777
30 48 13836
31 33 11747
32 42 37043
33 49 26554
34 34 28774
35 36 11319
36 48 10287
37 46 17220
38 31 12664
39 34 17842
40 42 26848
41 31 13143
42 49 11266
43 30 15293
44 39 15748
45 38 10525
46 35 18177
47 36 20640
48 37 10426
49 46 39964
50 31 38151
51 36 32968
52 43 18943
53 32 21405
54 32 42455
55 40 14167
56 49 25317
57 38 10587
58 47 36420
59 46 18925
60 31 22676
61 44 12656
62 39 16971
63 46 18356
64 48 28038
65 37 29563
66 35 40302
67 44 26545
68 30 12158
69 47 41238
70 35 13650
71 46 41545
72 45 21961
73 34 30070
74 30 21147
75 47 16913
76 32 35769
77 47 10851
78 38 11271
79 46 30683
80 40 25437
81 32 11867
82 48 16329
83 33 15869
84 33 27781
85 46 34817
86 43 26408
87 33 38626
88 44 11253
89 31 37578
90 32 32855
91 39 29398
92 34 28391
93 49 33003
94 39 19093
95 36 18702
96 30 14023
97 35 20092
98 47 20616
99 48 12278
100 33 14633
101 37 37361
102 42 31958
103 36 32958
104 31 12302
105 42 21947
106 36 13573
107 30 21030
108 39 30295
109 38 26425
110 46 38548
111 45 22153
112 47 11401
113 48 18148
114 34 12890
115 30 26919
116 42 25027
117 30 42426
118 45 25117
119 39 22199
120 47 31996
121 39 39915
122 46 38006
123 38 11565
124 31 25216
125 45 33986
126 49 10979
127 30 40647
128 44 37292
129 39 11221
130 44 17965
131 32 17501
132 31 14056
133 37 14191
134 49 40188
135 49 19177
136 36 28133
137 41 31805
138 33 14519
139 46 22612
140 32 12312
141 36 42551
142 35 13473
143 33 13187
144 44 11126
145 34 25297
146 48 23345
147 38 31649
148 43 32113
149 43 30819
150 34 15793
151 48 31406
152 36 36402
153 47 30420
154 47 41497
155 42 24392
156 49 34839
157 40 28045
158 40 25389
159 33 27064
160 36 10095
161 49 21149
162 45 40660
163 31 22591
164 41 24179
165 41 34600
166 47 20155
167 33 40610
168 31 35208
169 41 42260
170 32 10026
171 44 13555
172 38 12211
173 30 33270
174 34 22565
175 45 35233
176 45 35676
177 39 37690
178 39 36039
179 42 25282
180 44 22343
181 33 40849
182 31 17626
183 44 15007
184 48 39887
185 48 27039
186 46 25785
187 43 25472
188 42 30820
189 42 16357
190 44 38762
191 36 32441
192 37 42310
193 34 40428
194 39 24310
195 42 37620
196 46 10627
197 47 19122
198 36 28428
199 39 19904
200 30 33070
201 44 41049
202 45 11734
203 43 15450
204 47 12256
205 39 26893
206 45 30489
207 41 34746
208 31 31604
209 49 32053
210 41 32147
211 45 32737
212 48 19197
213 32 36574
214 34 26256
215 39 33377
216 39 26123
217 33 20068
218 32 31694
219 34 34860
220 44 36895
221 43 21601
222 33 36755
223 47 26273
224 38 15467
225 32 31962
226 33 28427
227 44 36820
228 32 21966
229 41 40871
230 45 32486
231 43 24092
232 47 22286
233 44 21027
234 45 24113
235 48 14050
236 49 12119
237 38 40468
238 43 11125
239 42 37032
240 41 12020
241 30 23005
242 40 18446
243 36 10327
244 33 30796
245 44 36321
246 30 13772
247 40 29133
248 48 12574
249 49 37689
250 40 27343
251 31 36774
252 44 28672
253 43 22426
254 40 14239
255 32 24138
256 36 41493
257 44 29312
258 43 39818
259 46 24118
260 33 25869
261 37 30623
262 33 41794
263 42 35214
264 43 37218
265 48 12938
266 39 11702
267 38 24803
268 49 28880
269 49 14244
270 49 13104
271 40 15169
272 33 23829
273 40 30279
274 44 27311
275 35 42364
276 45 17130
277 38 14387
278 40 27014
279 39 23739
280 49 17729
281 30 14904
282 34 39221
283 41 12356
284 34 31935
285 42 18982
286 36 40839
287 49 22154
288 39 36732
289 43 38389
290 41 38124
291 43 33140
292 35 40185
293 30 38960
294 36 42263
295 40 15854
296 38 14945
297 36 19879
298 35 30171
299 30 27317
300 43 31492
301 43 41044
302 33 28738
303 30 21086
304 49 16656
305 45 13196
306 35 18415
307 41 13480
308 37 21137
309 48 32106
310 30 23733
311 41 19203
312 36 28330
313 43 22904
314 42 21111
315 41 37984
316 34 24341
317 45 32928
318 38 31554
319 46 29754
320 38 16856
321 48 37457
322 44 28584
323 36 28900
324 44 34632
325 39 39668
326 38 29022
327 41 40212
328 47 24643
329 35 17297
330 34 29721
331 48 30896
332 43 39081
333 39 38588
334 34 26788
335 36 21719
336 34 39451
337 35 34501
338 43 42565
339 43 34610
340 33 37623
341 31 41248
342 43 36434
343 38 30845
344 38 32147
345 44 39698
346 33 17934
347 30 23120
348 44 33720
349 42 41885
350 45 41673
351 36 36914
352 47 31329
353 46 42669
354 35 42039
355 48 38879
356 40 29108
357 42 28034
358 44 39183
359 39 31960
360 36 38208
361 43 18528
362 43 18919
363 35 41771
364 48 22648
365 35 11637
366 40 17998
367 36 30084
368 36 11120
369 36 30986
370 36 12331
371 48 17012
372 41 13270
373 40 15085
374 48 41300
375 37 21760
376 39 17970
377 41 15645
378 30 34674
379 49 37997
380 39 39777
381 38 12215
382 33 37395
383 31 14153
384 32 32335
385 47 42528
386 39 36624
387 41 21949
388 33 28148
389 46 20851
390 49 20769
391 33 26385
392 47 28560
393 47 42028
394 34 31934
395 44 30335
396 40 36138
397 34 19222
398 48 22327
399 40 39740
400 47 15429
401 39 10097
402 36 29718
403 37 32708
404 40 10468
405 45 13927
406 44 23732
407 39 33893
408 47 41153
409 30 37297
410 46 36378
411 34 18702
412 36 39625
413 30 30085
414 34 26905
415 46 10841
416 34 38618
417 34 30658
418 39 28844
419 48 32213
420 41 20927
421 43 23646
422 30 29325
423 41 39320
424 41 35179
425 39 13070
426 36 30229
427 30 29444
428 41 19829
429 40 10807
430 41 36184
431 44 24793
432 38 38868
433 47 17172
434 37 25728
435 41 19579
436 44 10715
437 43 21288
438 31 11114
439 47 24196
440 33 26999
441 35 32487
442 31 13694
443 44 29325
444 47 15014
445 48 39327
446 45 27603
447 37 24120
448 33 37178
449 47 38571
450 43 28034
451 43 22401
452 42 14031
453 37 30683
454 38 31306
455 32 34373
456 34 33033
457 47 25885
458 47 33637
459 34 36114
460 36 29715
461 49 22896
462 44 32425
463 45 38193
464 39 36180
465 38 37130
466 34 22497
467 33 10737
468 39 12914
469 43 42184
470 41 40045
471 38 28469
472 35 32907
473 48 32469
474 39 15639
475 39 32576
476 40 30642
477 30 38046
478 41 33336
479 34 31679
480 49 16039
481 37 37364
482 43 36364
483 42 40471
484 38 31451
485 44 24962
486 33 35153
487 49 21232
488 34 30883
489 32 15986
490 34 22053
491 43 11521
492 48 40890
493 37 15194
494 31 25889
495 43 15133
496 36 28668
497 43 27244
498 36 34992
499 37 36222
500 42 33377
501 44 37597
502 47 25269
503 31 30288
504 35 18999
505 45 40853
506 46 18525
507 33 20864
508 35 37539
509 34 13081
510 42 14401
511 42 24518
512 34 29786
513 42 36020
514 40 16063
515 44 33008
516 34 16283
517 44 10988
518 31 25753
519 32 22896
520 44 38511
521 48 22307
522 42 33742
523 38 12073
524 43 13092
525 48 34444
526 48 40632
527 45 35189
528 30 38662
529 38 15441
530 38 38246
531 32 24697
532 44 40288
533 37 22785
534 36 21819
535 43 26540
536 38 11954
537 46 33599
538 42 24263
539 39 16293
540 35 36915
541 38 38312
542 49 15845
543 44 39717
544 43 35721
545 41 15876
546 45 20501
547 38 41828
548 49 27335
549 38 14768
550 37 29979
551 43 10143
552 46 33958
553 44 23371
554 45 34264
555 39 25569
556 31 21768
557 47 17823
558 31 11623
559 35 27408
560 49 23977
561 35 34769
562 44 32891
563 31 32827
564 43 19239
565 48 34508
566 32 28407
567 38 27427
568 43 39476
569 44 24554
570 33 27598
571 44 37895
572 30 14617
573 45 12515
574 45 26397
575 42 29363
576 37 24941
577 46 28923
578 30 30342
579 44 40139
580 41 42519
581 48 18279
582 30 18383
583 31 32595
584 38 29057
585 32 35583
586 34 14778
587 45 36738
588 38 28701
589 36 22313
590 34 14118
591 34 32456
592 48 41757
593 46 25092
594 30 12390
595 37 15900
596 41 38766
597 48 32724
598 40 20192
599 31 23691
600 40 31989
601 37 32686
602 43 16106
603 34 36093
604 34 39436
605 31 19811
606 46 11232
607 48 24393
608 44 22335
609 42 33969
610 36 19081
611 45 30844
612 36 24387
613 31 24999
614 34 36268
615 39 22117
616 49 36662
617 33 14937
618 42 24813
619 45 27236
620 34 13085
621 44 28100
622 35 34284
623 38 38771
624 41 19098
625 47 29699
626 49 28575
627 47 24436
628 40 20973
629 49 31667
630 47 14319
631 34 19389
632 43 19245
633 35 16547
634 46 35730
635 37 23777
636 40 33734
637 40 34752
638 36 10279
639 31 36288
640 44 21045
641 47 27710
642 45 18583
643 33 13776
644 39 18435
645 40 27146
646 38 39850
647 33 22189
648 43 37887
649 41 20848
650 39 41192
651 42 41183
652 39 37055
653 36 36872
654 37 34738
655 43 15338
656 46 15192
657 47 31461
658 36 27808
659 36 40347
660 34 36444
661 39 34304
662 49 37148
663 45 31889
664 37 32020
665 44 38114
666 48 26942
667 42 10761
668 35 35582
669 32 20624
670 36 39914
671 35 24302
672 37 15241
673 38 11963
674 32 20776
675 37 18463
676 30 22031
677 37 38440
678 41 27330
679 45 24067
680 31 14867
681 30 19548
682 39 33572
683 49 21322
684 47 16315
685 38 39051
686 41 20079
687 48 42757
688 32 24719
689 44 18371
690 35 14814
691 49 42473
692 35 42099
693 34 32340
694 39 25950
695 30 26334
696 46 36578
697 46 33410
698 44 21351
699 44 36558
700 33 34924
701 43 27757
702 42 27424
703 39 26539
704 38 32882
705 35 26431
706 46 10419
707 33 38593
708 49 17183
709 32 28567
710 31 38892
711 40 32318
712 39 16297
713 42 15158
714 34 29976
715 41 38399
716 48 15049
717 32 13799
718 42 36892
719 37 18332
720 47 10616
721 43 16307
722 43 19924
723 37 39349
724 45 12266
725 42 38981
726 48 25517
727 37 13950
728 34 32975
729 31 41883
730 47 10629
731 37 39304
732 36 39112
733 49 29678
734 36 40386
735 44 28881
736 48 37416
737 47 17634
738 33 30640
739 40 32014
740 31 36076
741 47 21489
742 45 25631
743 30 32055
744 49 26363
745 35 16917
746 30 18493
747 35 29012
748 40 16545
749 32 27316
750 36 42672
751 39 16518
752 34 35145
753 49 23503
754 35 33527
755 41 36440
756 43 36986
757 43 23406
758 32 24322
759 43 19271
760 33 22292
761 49 42565
762 48 12047
763 42 19598
764 45 40138
765 34 21419
766 32 24519
767 41 30518
768 44 26082
769 36 35517
770 44 19096
771 47 19038
772 34 29996
773 32 29902
774 33 13396
775 42 21702
776 30 30272
777 32 39185
778 45 12810
779 38 24994
780 41 21499
781 40 36232
782 31 36900
783 30 26780
784 35 30523
785 48 10543
786 47 38850
787 41 36138
788 32 27097
789 33 41828
790 44 20053
791 47 14610
792 46 39399
793 43 19609
794 47 35710
795 46 40506
796 40 14635
797 34 19517
798 33 33064
799 35 11188
800 31 29914
801 44 36839
802 36 37347
803 38 16904
804 40 33176
805 46 22468
806 34 37251
807 41 12995
808 46 14256
809 49 35906
810 31 19449
811 43 22337
812 36 15247
813 47 18685
814 36 28272
815 37 19127
816 48 28295
817 42 18665
818 36 11947
819 40 37763
820 49 41921
821 36 40897
822 39 19613
823 34 18359
824 47 21889
825 36 27823
826 36 19017
827 30 30946
828 37 22177
829 41 29243
830 39 30172
831 38 29473
832 44 15431
833 37 16248
834 40 41480
835 32 39781
836 38 31721
837 44 22125
838 45 10403
839 38 30982
840 48 31107
841 37 31681
842 42 37759
843 46 13960
844 36 33302
845 32 39850
846 30 34699
847 32 42413
848 34 28259
849 49 28695
850 49 20010
851 47 37562
852 46 27112
853 49 21532
854 49 39123
855 44 29453
856 46 39451
857 42 28829
858 48 23273
859 41 15071
860 36 41445
861 48 11838
862 31 21980
863 49 26197
864 42 15713
865 37 39049
866 32 13184
867 49 33229
868 40 29141
869 48 40544
870 40 19116
871 34 15719
872 38 36337
873 42 23461
874 32 27158
875 46 22481
876 43 30278
877 45 22568
878 30 17774
879 49 27734
880 37 31241
881 39 26577
882 42 24760
883 41 28713
884 43 11272
885 34 38925
886 42 38382
887 32 27374
888 32 31723
889 32 22141
890 42 37078
891 33 13961
892 32 35759
893 33 15580
894 32 23839
895 32 21034
896 48 32096
897 31 11825
898 44 25282
899 42 38040
900 45 13590
901 49 12598
902 34 27799
903 41 18877
904 42 19250
905 39 13319
906 49 38198
907 32 34674
908 35 10968
909 45 42254
910 34 13840
911 30 17804
912 49 39087
913 39 36141
914 32 13517
915 31 34086
916 43 40407
917 36 38701
918 31 19175
919 35 37680
920 40 37675
921 46 12390
922 35 41863
923 42 12855
924 34 18616
925 41 11951
926 47 27550
927 40 14199
928 35 34172
929 43 10120
930 45 12359
931 43 26398
932 35 23395
933 47 25734
934 44 10076
935 30 39905
936 45 35710
937 44 41214
938 31 15958
939 43 34244
940 45 30341
941 48 31988
942 44 35690
943 39 35877
944 34 21903
945 45 20805
946 38 31968
947 36 40714
948 39 14095
949 36 20755
950 43 25270
951 32 33708
952 36 31762
953 32 42097
954 45 11892
955 41 26691
956 31 20918
957 37 26703
958 38 34129
959 33 19219
960 31 25326
961 32 16295
962 38 32903
963 47 32950
964 36 15988
965 30 25064
966 44 14322
967 49 26027
968 39 11533
969 33 21154
970 32 29423
971 36 34591
972 33 29699
973 30 11891
974 48 39795
975 33 20218
976 35 16352
977 41 14640
978 48 20330
979 33 32557
980 48 13159
981 44 39255
982 35 11346
983 48 34874
984 30 22231
985 43 27828
986 38 12566
987 30 34563
988 32 25443
989 31 41554
990 43 21039
991 34 30167
992 48 42732
993 40 17829
994 39 39929
995 39 23737
996 33 31744
997 46 42740
998 49 32594
999 43 36083
1000 48 37399
1001 35 36107
1002 31 42105
1003 30 13275
1004 43 33292
1005 39 23585
1006 44 24612
1007 44 20707
1008 45 27353
1009 30 24071
1010 39 42722
1011 34 23271
1012 35 37527
1013 42 38802
1014 37 39603
1015 38 41138
1016 43 18356
1017 45 22346
1018 34 36581
1019 40 12496
1020 48 32374
1021 41 26962
1022 46 40497
1023 36 21659
1024 45 26287
1025 34 40090
1026 45 12053
1027 38 27263
1028 46 30145
1029 43 34115
1030 36 33395
1031 40 11153
1032 47 41173
1033 48 10322
1034 49 10347
1035 34 10319
1036 31 17239
1037 36 31896
1038 34 30581
1039 39 35000
1040 44 28084
1041 38 27873
1042 49 25025
1043 34 23439
1044 35 38999
1045 41 18267
1046 43 17618
1047 43 33003
1048 35 30432
1049 43 17992
1050 31 36696
1051 36 31746
1052 33 26534
1053 46 40423
1054 49 22862
1055 46 14390
1056 44 15215
1057 34 15262
1058 31 19029
1059 33 36192
1060 39 20846
1061 37 41580
1062 43 27214
1063 31 36700
1064 46 17277
1065 45 37006
1066 37 14397
1067 44 29909
1068 40 40603
1069 47 23152
1070 30 41821
1071 38 41297
1072 36 25512
1073 48 42710
1074 49 17023
1075 46 40574
1076 39 19551
1077 33 30794
1078 45 26023
1079 35 37054
1080 38 37011
1081 33 12232
1082 31 24040
1083 33 29425
1084 33 10157
1085 34 29863
1086 34 38783
1087 49 42370
1088 35 16997
1089 44 11722
1090 41 25134
1091 35 40116
1092 47 30911
1093 45 30728
1094 37 33755
1095 49 14893
1096 47 26697
1097 46 17880
1098 47 29032
1099 39 40387
1100 47 16018
1101 41 37952
1102 38 18900
1103 46 31109
1104 40 27629
1105 41 24830
1106 48 28563
1107 41 13580
1108 46 31335
1109 41 19960
1110 41 23593
1111 33 27651
1112 35 17669
1113 44 40417
1114 30 35341
1115 48 37877
1116 38 35650
1117 36 30252
1118 49 37051
1119 49 21845
1120 39 40135
1121 44 37429
1122 48 20251
1123 37 25555
1124 35 39276
1125 37 21421
1126 42 16401
1127 34 25052
1128 43 33135
1129 36 23622
1130 31 21860
1131 39 39794
1132 44 37363
1133 34 40096
1134 44 29908
1135 39 42029
1136 38 10683
1137 35 33906
1138 44 29557
1139 48 42129
1140 33 12839
1141 47 16380
1142 41 11089
1143 34 25234
1144 40 18542
1145 38 11947
1146 38 34622
1147 40 20837
1148 33 41757
1149 34 32525
1150 48 41211
1151 49 13448
1152 32 28623
1153 35 39928
1154 43 19857
1155 43 41492
1156 43 42285
1157 31 22261
1158 39 13289
1159 41 28737
1160 33 34089
1161 45 31730
1162 42 18856
1163 38 23097
1164 31 19318
1165 35 14888
1166 47 21074
1167 41 26657
1168 40 17482
1169 43 36425
1170 48 15518
1171 42 26213
1172 48 18263
1173 42 39406
1174 49 31254
1175 41 30787
1176 39 21254
1177 37 37951
1178 33 11507
1179 38 37274
1180 42 17398
1181 31 16355
1182 41 18487
1183 37 25587
1184 37 25780
1185 43 37417
1186 38 32267
1187 36 35536
1188 35 20923
1189 37 30584
1190 43 39002
1191 38 33588
1192 47 28077
1193 47 24820
1194 31 38829
1195 45 14962
1196 48 25043
1197 34 34673
1198 48 13385
1199 31 16441
1200 31 26322
1201 41 36764
1202 48 40326
1203 32 26592
1204 31 20911
1205 46 31590
1206 35 37745
1207 31 25838
1208 41 41221
1209 43 38068
1210 30 13989
1211 46 12012
1212 36 34437
1213 47 15685
1214 39 10854
1215 35 14446
1216 40 10413
1217 33 20451
1218 38 25855
1219 37 17759
1220 35 39116
1221 49 32460
1222 46 19037
1223 30 27788
1224 47 14645
1225 44 23394
1226 30 27883
1227 31 36979
1228 30 36802
1229 49 29458
1230 30 37038
1231 37 23373
1232 35 16523
1233 38 11649
1234 37 19620
1235 41 35417
1236 46 11495
1237 35 22525
1238 45 26202
1239 35 37994
1240 38 29348
1241 38 35362
1242 46 17356
1243 47 30643
1244 48 18306
1245 46 20427
1246 47 36737
1247 44 15057
1248 35 27892
1249 34 17467
1250 33 27365
1251 33 27929
1252 47 14361
1253 33 35467
1254 40 19177
1255 49 12834
1256 31 27128
1257 46 20310
1258 36 23256
1259 38 42134
1260 30 21499
1261 38 16291
1262 37 33148
1263 32 39989
1264 48 33966
1265 32 41234
1266 46 25713
1267 39 41769
1268 36 30904
1269 49 30538
1270 43 34248
1271 30 42640
1272 45 35865
1273 44 25250
1274 36 22495
1275 42 11846
1276 39 10149
1277 44 41997
1278 44 25471
1279 39 10227
1280 47 26304
1281 48 29259
1282 30 23606
1283 33 37205
1284 38 12635
1285 43 35917
1286 42 16119
1287 34 36303
1288 37 34350
1289 44 13543
1290 40 22255
1291 46 13105
1292 32 28982
1293 39 33725
1294 37 17577
1295 36 39368
1296 37 27249
1297 37 14183
1298 43 25444
1299 39 31656
1300 43 39128
1301 32 29926
1302 31 10420
1303 48 28472
1304 40 13725
1305 47 41035
1306 44 23127
1307 34 35071
1308 47 35750
1309 34 15012
1310 46 13913
1311 30 28845
1312 48 20297
1313 49 28970
1314 38 26986
1315 40 13677
1316 49 19016
1317 45 18856
1318 44 28542
1319 38 28008
1320 34 38926
1321 38 38958
1322 34 15014
1323 44 27804
1324 36 28203
1325 47 10742
1326 47 15406
1327 32 40671
1328 39 11533
1329 39 20886
1330 33 11254
1331 47 20782
1332 45 13569
1333 45 16487
1334 43 10773
1335 44 30266
1336 33 15209
1337 30 22837
1338 46 38571
1339 36 12852
1340 48 39997
1341 30 26663
1342 33 15366
1343 41 14807
1344 34 25543
1345 31 27632
1346 47 42744
1347 39 20663
1348 44 35993
1349 49 23606
1350 40 18807
1351 44 29384
1352 49 11730
1353 43 39234
1354 47 17270
1355 36 30001
1356 30 38291
1357 38 28905
1358 38 28162
1359 40 10834
1360 47 35771
1361 32 25785
1362 35 33951
1363 39 21778
1364 31 14569
1365 46 40295
1366 46 35044
1367 30 30574
1368 37 28083
1369 37 14200
1370 35 15444
1371 39 18494
1372 36 17954
1373 33 21806
1374 30 19583
1375 41 23625
1376 32 25970
1377 48 41397
1378 44 36185
1379 42 20108
1380 47 17927
1381 30 12686
1382 48 24026
1383 49 29638
1384 40 22961
1385 49 27707
1386 38 37590
1387 49 25927
1388 45 30244
1389 44 27435
1390 47 33821
1391 34 28409
1392 38 18865
1393 38 31208
1394 33 38870
1395 34 11438
1396 44 21578
1397 44 41854
1398 33 26648
1399 35 25259
1400 48 41141
1401 44 31021
1402 30 24266
1403 32 23925
1404 33 14862
1405 36 32338
1406 32 25532
1407 38 25819
1408 36 39298
1409 43 26002
1410 41 30981
1411 48 36420
1412 38 34889
1413 48 35657
1414 47 24990
1415 48 31289
1416 45 12772
1417 39 22834
1418 47 11839
1419 44 18741
1420 39 25239
1421 40 32598
1422 32 19577
1423 44 21419
1424 31 11817
1425 39 11833
1426 48 29716
1427 33 29016
1428 38 31450
1429 40 15938
1430 30 36522
1431 35 23498
1432 46 11429
1433 31 28779
1434 44 30084
1435 42 30769
1436 49 27831
1437 45 13354
1438 39 41396
1439 39 37988
1440 40 18735
1441 35 40607
1442 39 10866
1443 33 25398
1444 48 10518
1445 31 32510
1446 38 11707
1447 42 17402
1448 37 20641
1449 41 15421
1450 35 32552
1451 32 41300
1452 38 29093
1453 48 26625
1454 32 14603
1455 38 29506
1456 45 33882
1457 38 12998
1458 43 35792
1459 36 12393
1460 43 25683
1461 36 11597
1462 40 26513
1463 41 15012
1464 30 28093
1465 38 33611
1466 43 23546
1467 43 37577
1468 30 38615
1469 46 39759
1470 40 19039
1471 44 24510
1472 41 16817
1473 38 18418
1474 45 17947
1475 39 38076
1476 30 16936
1477 39 30277
1478 35 16171
1479 31 17121
1480 32 21537
1481 47 34167
1482 49 21258
1483 34 25084
1484 47 32260
1485 39 13253
1486 40 24526
1487 41 40084
1488 31 39803
1489 35 19622
1490 30 13699
1491 46 27449
1492 36 35948
1493 34 33847
1494 44 33222
1495 42 35598
1496 49 17460
1497 41 11236
1498 45 20901
1499 36 39830
1500 32 13604
1501 41 11351
1502 46 17846
1503 43 28607
1504 39 21568
1505 31 28837
1506 32 21622
1507 35 24108
1508 44 12598
1509 32 11958
1510 32 14051
1511 34 40134
1512 38 24220
1513 34 14581
1514 33 23388
1515 45 29572
1516 46 42606
1517 46 17721
1518 30 31416
1519 45 21114
1520 30 18118
1521 38 21746
1522 33 11172
1523 47 38688
1524 45 13021
1525 45 10902
1526 32 36929
1527 42 36067
1528 36 37953
1529 32 30798
1530 38 31229
1531 43 29937
1532 37 34904
1533 44 13276
1534 45 40881
1535 41 41280
1536 49 22037
1537 42 15311
1538 38 16892
1539 36 28383
1540 38 38904
1541 34 14826
1542 37 23006
1543 36 11137
1544 46 38474
1545 40 28369
1546 47 11671
1547 42 12870
1548 46 19865
1549 43 21237
1550 49 26561
1551 33 19403
1552 34 23922
1553 47 14529
1554 37 36012
1555 36 40309
1556 42 23390
1557 32 23556
1558 47 27129
1559 44 13306
1560 33 17950
1561 44 35489
1562 40 23673
1563 32 30000
1564 48 38186
1565 33 21109
1566 30 34887
1567 41 34072
1568 45 41062
1569 39 24713
1570 49 24356
1571 32 27181
1572 44 23590
1573 33 32120
1574 37 37138
1575 32 31977
1576 30 42340
1577 38 21282
1578 32 17203
1579 41 28312
1580 32 39487
1581 35 26513
1582 49 10466
1583 45 29537
1584 39 15031
1585 46 31019
1586 45 23314
1587 49 23441
1588 31 19879
1589 33 10265
1590 49 35303
1591 44 10282
1592 32 17922
1593 47 39158
1594 41 25746
1595 30 26283
1596 40 42065
1597 30 31931
1598 48 21361
1599 33 24609
1600 45 36972
1601 42 10730
1602 40 24679
1603 35 26477
1604 49 10104
1605 46 13049
1606 48 26999
1607 39 21207
1608 40 14880
1609 41 42496
1610 39 31143
1611 49 27859
1612 41 30487
1613 42 24998
1614 30 25619
1615 46 26643
1616 49 15821
1617 47 11080
1618 30 32079
1619 37 41676
1620 39 38256
1621 47 29291
1622 31 36610
1623 39 17740
1624 31 33829
1625 42 28004
1626 33 25024
1627 34 34748
1628 34 17031
1629 38 31557
1630 43 31015
1631 33 11057
1632 42 34656
1633 31 30474
1634 32 24124
1635 38 29177
1636 43 26534
1637 43 26627
1638 46 37894
1639 44 41763
1640 49 34488
1641 43 15236
1642 33 37484
1643 30 25935
1644 35 37593
1645 49 29643
1646 45 25419
1647 36 31928
1648 47 18924
1649 30 30769
1650 47 15835
1651 41 14462
1652 43 33393
1653 46 29332
1654 44 15427
1655 49 39736
1656 44 29887
1657 38 26115
1658 38 34682
1659 36 35513
1660 30 16515
1661 41 27307
1662 32 38240
1663 46 37665
1664 40 27256
1665 46 15105
1666 48 21788
1667 33 35111
1668 32 20072
1669 41 32304
1670 32 26039
1671 36 38821
1672 36 16738
1673 37 31685
1674 32 13049
1675 33 33892
1676 35 24637
1677 34 42136
1678 42 38019
1679 39 14377
1680 46 17996
1681 43 40189
1682 44 19245
1683 32 22015
1684 39 10338
1685 42 13355
1686 32 30881
1687 33 28102
1688 48 36872
1689 41 29932
1690 34 27960
1691 31 38395
1692 44 13053
1693 39 15238
1694 42 26644
1695 40 30921
1696 34 41710
1697 40 31976
1698 36 42366
1699 47 41040
1700 45 20854
1701 33 11032
1702 41 22401
1703 39 36405
1704 43 42072
1705 32 25307
1706 42 25799
1707 34 27242
1708 48 38395
1709 47 20134
1710 35 35250
1711 46 21822
1712 42 40485
1713 31 27332
1714 49 14270
1715 43 10407
1716 43 24315
1717 43 38601
1718 48 20245
1719 44 13517
1720 43 21048
1721 41 41014
1722 48 36467
1723 43 17370
1724 39 29357
1725 48 12908
1726 41 21820
1727 30 28929
1728 38 40441
1729 35 22486
1730 45 37851
1731 44 40652
1732 45 10888
1733 37 30801
1734 41 34397
1735 32 39082
1736 40 28113
1737 31 32991
1738 35 38221
1739 37 11192
1740 32 11979
1741 38 41100
1742 34 30929
1743 49 17102
1744 43 16559
1745 32 18079
1746 35 31237
1747 42 20941
1748 31 16885
1749 37 19973
1750 47 28311
1751 33 39975
1752 49 15240
1753 44 33273
1754 41 19107
1755 45 41646
1756 32 40011
1757 36 26616
1758 33 25808
1759 41 17569
1760 30 19664
1761 44 31459
1762 34 18603
1763 30 24563
1764 34 22359
1765 47 17269
1766 40 13122
1767 40 31966
1768 45 24580
1769 49 31208
1770 33 38404
1771 36 20647
1772 41 26981
1773 45 40162
1774 46 15320
1775 37 41907
1776 33 41251
1777 31 10661
1778 33 27771
1779 44 26314
1780 42 12550
1781 32 24951
1782 49 10782
1783 49 33706
1784 34 20526
1785 44 18510
1786 40 25919
1787 45 13519
1788 32 37007
1789 43 18623
1790 47 17095
1791 40 28800
1792 39 42157
1793 40 10536
1794 39 20581
1795 47 13085
1796 34 39321
1797 30 15900
1798 31 17193
1799 30 13479
1800 44 16683
1801 36 34318
1802 38 40035
1803 42 21903
1804 36 18561
1805 34 39489
1806 36 20670
1807 38 20163
1808 31 14007
1809 49 41199
1810 31 19863
1811 49 28918
1812 46 20455
1813 36 11447
1814 38 30883
1815 44 32559
1816 49 39011
1817 44 13644
1818 33 34240
1819 34 28820
1820 45 29745
1821 37 38235
1822 42 16154
1823 32 42359
1824 41 40647
1825 49 14780
1826 40 39809
1827 43 23457
1828 31 30471
1829 37 28124
1830 49 16137
1831 30 28126
1832 42 23421
1833 43 29034
1834 30 16868
1835 45 10952
1836 37 37591
1837 31 17216
1838 34 22907
1839 47 20183
1840 31 31908
1841 36 19859
1842 34 16338
1843 46 28073
1844 33 34385
1845 33 24414
1846 31 29981
1847 41 22158
1848 44 41056
1849 32 40715
1850 44 14237
1851 45 16470
1852 39 12265
1853 31 25187
1854 35 19904
1855 33 18526
1856 40 14422
1857 49 38839
1858 46 32377
1859 47 37080
1860 43 14682
1861 34 11343
1862 35 21467
1863 38 35418
1864 42 32050
1865 42 39955
1866 35 33788
1867 46 13482
1868 31 21279
1869 43 38519
1870 30 39944
1871 48 25287
1872 47 29219
1873 30 25771
1874 33 18852
1875 39 20026
1876 47 32762
1877 39 32003
1878 44 24197
1879 44 34206
1880 33 30811
1881 35 28579
1882 42 27215
1883 33 33389
1884 36 28784
1885 47 39023
1886 45 34482
1887 38 29197
1888 35 29330
1889 47 16946
1890 36 12738
1891 46 32282
1892 38 28233
1893 40 42764
1894 48 21143
1895 32 40949
1896 30 30850
1897 44 31265
1898 43 17445
1899 36 19340
1900 44 22546
1901 30 26239
1902 48 33373
1903 43 32107
1904 48 39530
1905 38 12110
1906 48 21892
1907 35 30723
1908 38 11420
1909 39 23870
1910 35 38866
1911 31 15417
1912 48 13454
1913 39 42285
1914 34 29006
1915 43 35121
1916 42 42620
1917 34 29720
1918 48 42472
1919 35 28508
1920 39 21171
1921 30 19524
1922 31 20951
1923 37 17087
1924 42 26507
1925 47 24492
1926 48 12340
1927 48 30853
1928 36 41893
1929 35 37804
1930 38 18391
1931 31 15303
1932 38 13414
1933 40 23022
1934 31 39537
1935 34 17818
1936 41 31923
1937 39 35477
1938 31 12778
1939 47 17498
1940 33 16366
1941 43 11176
1942 46 10237
1943 47 24117
1944 35 27951
1945 43 20928
1946 45 33809
1947 35 39674
1948 43 34503
1949 45 34293
1950 36 35673
1951 33 16674
1952 37 25073
1953 40 23813
1954 37 24366
1955 40 29215
1956 41 15066
1957 35 11206
1958 35 34219
1959 39 37347
1960 45 22739
1961 30 33997
1962 34 14473
1963 37 17844
1964 38 16085
1965 41 27487
1966 35 38461
1967 45 38446
1968 44 42037
1969 39 26519
1970 39 37200
1971 47 32920
1972 47 12711
1973 45 26584
1974 40 14845
1975 35 33643
1976 49 15992
1977 47 39797
1978 45 15888
1979 36 29215
1980 37 35335
1981 46 12958
1982 38 15101
1983 44 39992
1984 35 11652
1985 36 12174
1986 40 15935
1987 38 37777
1988 45 16877
1989 36 13554
1990 30 36851
1991 37 40423
1992 41 30277
1993 34 32155
1994 37 41908
1995 32 40360
1996 36 37397
1997 49 26983
1998 32 19384
1999 37 32253
2000 43 40999
2001 45 19308
2002 40 35371
2003 34 28181
2004 45 15745
2005 47 25958
2006 41 40139
2007 32 30643
2008 49 18592
2009 32 15459
2010 40 40644
2011 39 15610
2012 37 27894
2013 39 12972
2014 33 23757
2015 31 26999
2016 33 18085
2017 38 37621
2018 48 14211
2019 40 41582
2020 36 39547
2021 42 30920
2022 36 12293
2023 33 33385
2024 44 24113
2025 49 16943
2026 42 31440
2027 44 27646
2028 44 36064
2029 40 30368
2030 31 13531
2031 45 16352
2032 43 33731
2033 37 20269
2034 40 38646
2035 44 16937
2036 35 25395
2037 47 19435
2038 38 17247
2039 33 15077
2040 48 12255
2041 40 33442
2042 42 35237
2043 43 40417
2044 30 12362
2045 38 37558
2046 49 15553
2047 47 17844
2048 33 17034
2049 46 27221
2050 31 30578
2051 33 36366
2052 47 42558
2053 45 18657
2054 42 27352
2055 32 22849
2056 41 30416
2057 36 10911
2058 34 37716
2059 42 19725
2060 34 20972
2061 34 35233
2062 31 28574
2063 31 21167
2064 40 26176
2065 31 40944
2066 33 38439
2067 34 42539
2068 49 26229
2069 36 38654
2070 46 17584
2071 44 32984
2072 42 40044
2073 32 20554
2074 37 17962
2075 44 11053
2076 46 39101
2077 33 13140
2078 31 19152
2079 47 33226
2080 45 14956
2081 36 11459
2082 31 36483
2083 34 14793
2084 49 35565
2085 37 19156
2086 38 26981
2087 33 28742
2088 30 10842
2089 31 41733
2090 44 42680
2091 33 20780
2092 49 18419
2093 31 27906
2094 32 15864
2095 44 24897
2096 46 25302
2097 39 32464
2098 42 18998
2099 32 14196
2100 31 20223
2101 49 38455
2102 42 23479
2103 45 12645
2104 47 14977
2105 44 39796
2106 43 32716
2107 40 28469
2108 43 12038
2109 35 18719
2110 46 39667
2111 32 41616
2112 34 19332
2113 36 25945
2114 40 28975
2115 39 31991
2116 40 12864
2117 31 30778
2118 30 30884
2119 33 18769
2120 37 26376
2121 31 11129
2122 32 21109
2123 46 31924
2124 38 39340
2125 39 16220
2126 47 34274
2127 30 19056
2128 41 39101
2129 33 16610
2130 48 22940
2131 45 34652
2132 36 26761
2133 48 27951
2134 32 26475
2135 30 26725
2136 34 14933
2137 41 28215
2138 32 17923
2139 45 26707
2140 34 16348
2141 44 23726
2142 34 25890
2143 46 24797
2144 32 38664
2145 42 13102
2146 48 30701
2147 35 41711
2148 34 18927
2149 41 40617
2150 38 35212
2151 39 39482
2152 31 40720
2153 46 22546
2154 30 38915
2155 49 18429
2156 41 13775
2157 35 29510
2158 46 20819
2159 33 41234
2160 32 11053
2161 45 20288
2162 41 20177
2163 38 39739
2164 49 17099
2165 44 37757
2166 46 27333
2167 40 30126
2168 49 20512
2169 45 26283
2170 42 35910
2171 47 35037
2172 39 23545
2173 40 19097
2174 39 34132
2175 44 10634
2176 35 16946
2177 30 18779
2178 49 24374
2179 30 27403
2180 36 17330
2181 40 24507
2182 44 12565
2183 48 19673
2184 43 18604
2185 33 20712
2186 31 23769
2187 49 40799
2188 30 20243
2189 33 20313
2190 40 20036
2191 37 11264
2192 36 16734
2193 32 42753
2194 43 38988
2195 46 27753
2196 46 12669
2197 49 21689
2198 40 36028
2199 33 23832
2200 46 13338
2201 42 14057
2202 31 10765
2203 39 14125
2204 46 22548
2205 47 17272
2206 30 31617
2207 42 40303
2208 39 30264
2209 33 28406
2210 35 18305
2211 37 34977
2212 38 21826
2213 33 12552
2214 42 10296
2215 48 32518
2216 43 24083
2217 45 21011
2218 38 27248
2219 35 25393
2220 33 23602
2221 47 28203
2222 42 20140
2223 40 26130
2224 38 34440
2225 32 22845
2226 30 34949
2227 30 26685
2228 47 19543
2229 31 20603
2230 32 38985
2231 45 22141
2232 34 41596
2233 42 42248
2234 34 23249
2235 49 19865
2236 46 19685
2237 45 19428
2238 43 27554
2239 30 37220
2240 31 24660
2241 33 32537
2242 40 13639
2243 44 41738
2244 40 30805
2245 38 23590
2246 36 19437
2247 42 33432
2248 33 23932
2249 41 11180
2250 43 28224
2251 42 26573
2252 37 38883
2253 43 15958
2254 42 18564
2255 45 32288
2256 35 10723
2257 34 35597
2258 44 22006
2259 34 28689
2260 48 28434
2261 30 31324
2262 48 31844
2263 44 19891
2264 37 23420
2265 47 35616
2266 36 15882
2267 36 39545
2268 37 38692
2269 46 15476
2270 36 40367
2271 49 36416
2272 49 12733
2273 35 26844
2274 34 37120
2275 30 21918
2276 45 27300
2277 49 32431
2278 36 40236
2279 42 23913
2280 31 18721
2281 36 16841
2282 31 31167
2283 39 30089
2284 43 32991
2285 31 33394
2286 43 21955
2287 30 22273
2288 30 24232
2289 47 30088
2290 47 39701
2291 41 22843
2292 32 14692
2293 42 39411
2294 31 19460
2295 41 25235
2296 46 41811
2297 48 22346
2298 44 22319
2299 48 24615
2300 45 22409
2301 42 16833
2302 31 32159
2303 38 20701
2304 35 40875
2305 32 12117
2306 44 10019
2307 48 12212
2308 35 11752
2309 33 35387
2310 48 16619
2311 41 18767
2312 43 10041
2313 36 35973
2314 33 33384
2315 46 18622
2316 39 23004
2317 37 20757
2318 38 13410
2319 48 34702
2320 38 23565
2321 45 26054
2322 31 22106
2323 43 27924
2324 40 36614
2325 43 19161
2326 38 15905
2327 36 26869
2328 35 16954
2329 32 35741
2330 34 36281
2331 39 21753
2332 31 29388
2333 49 23650
2334 35 39787
2335 43 18961
2336 38 25430
2337 38 27038
2338 31 10281
2339 34 13477
2340 36 34775
2341 41 17504
2342 47 32805
2343 47 13347
2344 41 33276
2345 32 38901
2346 33 25009
2347 46 37316
2348 37 10643
2349 39 38105
2350 30 18009
2351 30 23200
2352 42 23883
2353 42 15584
2354 42 27198
2355 42 26868
2356 32 38833
2357 34 31908
2358 48 11701
2359 34 26801
2360 38 33895
2361 41 15921
2362 38 11551
2363 38 41801
2364 38 37286
2365 35 24815
2366 36 11018
2367 44 40629
2368 49 14837
2369 47 17103
2370 49 10377
2371 34 23498
2372 41 33323
2373 47 18104
2374 46 18384
2375 48 16316
2376 31 26530
2377 40 33843
2378 48 21779
2379 35 29938
2380 33 15036
2381 40 35925
2382 43 37279
2383 36 20237
2384 39 41371
2385 44 28653
2386 38 40248
2387 43 32306
2388 44 16155
2389 33 29422
2390 49 39349
2391 47 40351
2392 44 14867
2393 42 39199
2394 41 25818
2395 44 26989
2396 36 41165
2397 41 30720
2398 31 33909
2399 34 10145
2400 34 25794
2401 37 31230
2402 44 41148
2403 35 36985
2404 38 27290
2405 34 32474
2406 40 10468
2407 46 16884
2408 40 27235
2409 39 34134
2410 49 32261
2411 47 35490
2412 43 39951
2413 44 18978
2414 37 16429
2415 32 38829
2416 45 27699
2417 33 34821
2418 39 39362
2419 37 21032
2420 32 13566
2421 37 17743
2422 45 42268
2423 34 30614
2424 33 14199
2425 39 23165
2426 42 18530
2427 31 14781
2428 40 20730
2429 49 40494
2430 43 41892
2431 37 29101
2432 35 10485
2433 46 25157
2434 32 27961
2435 43 12810
2436 46 21214
2437 42 11871
2438 33 22619
2439 40 17569
2440 47 41079
2441 35 25463
2442 32 25088
2443 43 24362
2444 38 41029
2445 35 13527
2446 49 40954
2447 36 39770
2448 32 33869
2449 40 41537
2450 35 28241
2451 41 32300
2452 48 27921
2453 31 24414
2454 41 38624
2455 44 39536
2456 49 21706
2457 48 21606
2458 46 20270
2459 47 39571
2460 33 38630
2461 36 42000
2462 45 10382
2463 32 15792
2464 37 20420
2465 49 25275
2466 44 20089
2467 43 37847
2468 35 37037
2469 31 27358
2470 33 12074
2471 48 34204
2472 33 42006
2473 44 31405
2474 42 27259
2475 30 29411
2476 35 24084
2477 45 34572
2478 34 41727
2479 48 29930
2480 31 13600
2481 49 28600
2482 40 36191
2483 30 36759
2484 31 40715
2485 33 32947
2486 32 23033
2487 32 24067
2488 39 28227
2489 45 27887
2490 43 21686
2491 41 34374
2492 40 11079
2493 35 11838
2494 43 22315
2495 31 32899
2496 48 42600
2497 34 30329
2498 40 26867
2499 38 32055
2500 39 15809
2501 49 40431
2502 33 10827
2503 38 30397
2504 38 37752
2505 48 15120
2506 46 25839
2507 37 14885
2508 34 12342
2509 46 20313
2510 32 24371
2511 41 29494
2512 31 19939
2513 47 13698
2514 37 19812
2515 34 34753
2516 30 18086
2517 37 15590
2518 47 32096
2519 31 20008
2520 40 25628
2521 34 40498
2522 35 39027
2523 33 27437
2524 49 35543
2525 32 13649
2526 39 38773
2527 48 25342
2528 48 32281
2529 33 11414
2530 40 17696
2531 45 10625
2532 35 14289
2533 36 34090
2534 40 27318
2535 48 15836
2536 46 37077
2537 32 10424
2538 36 33491
2539 31 40264
2540 39 13665
2541 38 28759
2542 44 36495
2543 46 39190
2544 41 41424
2545 36 19640
2546 31 26839
2547 49 23553
2548 33 41881
2549 41 31631
2550 37 13325
2551 44 10934
2552 41 39564
2553 39 30278
2554 42 15837
2555 38 11169
2556 31 30284
2557 37 34272
2558 41 30049
2559 44 16889
2560 49 11279
2561 42 10282
2562 45 20344
2563 43 18446
2564 35 41109
2565 36 12840
2566 31 13667
2567 35 13521
2568 40 16998
2569 36 23486
2570 32 22944
2571 34 30883
2572 49 20559
2573 37 41117
2574 49 36618
2575 41 40290
2576 31 34846
2577 43 41584
2578 45 32305
2579 40 30129
2580 32 14748
2581 47 30791
2582 34 21751
2583 44 26503
2584 31 31179
2585 49 38723
2586 30 19563
2587 37 40442
2588 48 29280
2589 33 16515
2590 31 41194
2591 38 11852
2592 38 35203
2593 33 41038
2594 46 22642
2595 41 31798
2596 31 24005
2597 49 35456
2598 40 29513
2599 46 26995
2600 45 21089
2601 44 32825
2602 39 25294
2603 38 40080
2604 42 10167
2605 39 27332
2606 47 25246
2607 39 27378
2608 37 23557
2609 48 14277
2610 39 36842
2611 35 12839
2612 38 20583
2613 30 17062
2614 46 23319
2615 39 11377
2616 49 28177
2617 46 14146
2618 37 12182
2619 37 35984
2620 38 18378
2621 48 22995
2622 47 28165
2623 44 27855
2624 32 29611
2625 38 24600
2626 35 38023
2627 38 23888
2628 46 39193
2629 40 18379
2630 37 12640
2631 38 40347
2632 38 28416
2633 37 22082
2634 32 31700
2635 48 19813
2636 40 42577
2637 45 11618
2638 31 12096
2639 30 41117
2640 37 31933
2641 44 41420
2642 41 33913
2643 45 25276
2644 41 29618
2645 30 15938
2646 42 25956
2647 32 21837
2648 38 26517
2649 31 41050
2650 47 14038
2651 35 13754
2652 38 33602
2653 33 39526
2654 44 21677
2655 46 30297
2656 35 19393
2657 49 18082
2658 37 39982
2659 31 30390
2660 41 16457
2661 31 30623
2662 38 41121
2663 38 18209
2664 37 19065
2665 41 12783
2666 40 26155
2667 48 17275
2668 40 31444
2669 45 39697
2670 40 16106
2671 46 37180
2672 41 19838
2673 37 35231
2674 36 42582
2675 47 19656
2676 39 29493
2677 42 41653
2678 49 14039
2679 47 29171
2680 41 23186
2681 41 12452
2682 34 38306
2683 30 19410
2684 40 30080
2685 38 40663
2686 39 28888
2687 37 30659
2688 39 30459
2689 34 18180
2690 39 27616
2691 48 18366
2692 36 34061
2693 47 31638
2694 41 38404
2695 36 36829
2696 34 39686
2697 49 31578
2698 49 18250
2699 45 11050
2700 30 38906
2701 40 14953
2702 46 32660
2703 35 17319
2704 31 13696
2705 32 11349
2706 47 41979
2707 36 10659
2708 37 25256
2709 32 31638
2710 31 13927
2711 30 17979
2712 31 16189
2713 46 23094
2714 32 25458
2715 31 29998
2716 40 13115
2717 30 22459
2718 47 33406
2719 37 20965
2720 32 24211
2721 45 26709
2722 45 25621
2723 48 17345
2724 47 23837
2725 49 35144
2726 32 35456
2727 44 21927
2728 35 39645
2729 34 11931
2730 45 10410
2731 36 42185
2732 49 13434
2733 43 26112
2734 37 33589
2735 39 29366
2736 45 40955
2737 45 23302
2738 39 36829
2739 45 42660
2740 47 39363
2741 35 10366
2742 33 28429
2743 34 18940
2744 32 37327
2745 44 41770
2746 40 39871
2747 42 19495
2748 45 38189
2749 45 35244
2750 36 28056
2751 41 39319
2752 33 28608
2753 39 17837
2754 39 18756
2755 48 21015
2756 38 33329
2757 31 10827
2758 31 39694
2759 43 10838
2760 30 34872
2761 47 23496
2762 40 30658
2763 44 17586
2764 43 19212
2765 40 19568
2766 34 32710
2767 45 36161
2768 40 31783
2769 37 31435
2770 38 24695
2771 42 25893
2772 40 13375
2773 31 23812
2774 45 36801
2775 46 10512
2776 32 21120
2777 49 42391
2778 47 40449
2779 34 24341
2780 33 14350
2781 39 19777
2782 35 14878
2783 42 38832
2784 47 39865
2785 30 36388
2786 34 17381
2787 47 19992
2788 41 29186
2789 31 15417
2790 36 34981
2791 49 21444
2792 37 42318
2793 31 42747
2794 41 34315
2795 38 37691
2796 38 39528
2797 49 28753
2798 48 20287
2799 47 13856
2800 47 15677
2801 38 33979
2802 30 28734
2803 30 31356
2804 46 37330
2805 41 41152
2806 42 27514
2807 36 17229
2808 47 34184
2809 47 36758
2810 36 11695
2811 44 12367
2812 38 31892
2813 48 36627
2814 46 37895
2815 31 18698
2816 46 22456
2817 32 34003
2818 41 24689
2819 34 34588
2820 47 28230
2821 32 28842
2822 45 14398
2823 45 19399
2824 34 14423
2825 44 18507
2826 44 35068
2827 46 36029
2828 31 42310
2829 49 10297
2830 32 28567
2831 34 17450
2832 32 23155
2833 34 34286
2834 31 32173
2835 49 28674
2836 39 22069
2837 47 20298
2838 49 31024
2839 32 11404
2840 36 13088
2841 33 41790
2842 47 29250
2843 35 13871
2844 37 34680
2845 37 36792
2846 32 19276
2847 41 24187
2848 42 40180
2849 43 32977
2850 49 36704
2851 32 16506
2852 41 31927
2853 49 19764
2854 49 13008
2855 32 16440
2856 41 35723
2857 37 35793
2858 37 39439
2859 35 41360
2860 38 12895
2861 43 40642
2862 33 33478
2863 33 16952
2864 33 20226
2865 39 40829
2866 47 11066
2867 41 17167
2868 44 26913
2869 34 38971
2870 48 21469
2871 43 11429
2872 48 26494
2873 31 13991
2874 40 30513
2875 48 23307
2876 38 16754
2877 44 25546
2878 38 21476
2879 36 15580
2880 35 26789
2881 41 27958
2882 37 42281
2883 34 12683
2884 31 26379
2885 40 11121
2886 45 42324
2887 45 37614
2888 32 27937
2889 42 20900
2890 44 14009
2891 37 13835
2892 43 19561
2893 37 21124
2894 35 20166
2895 36 28450
2896 47 39459
2897 35 34431
2898 36 32605
2899 35 25850
2900 33 30284
2901 42 32554
2902 46 14966
2903 49 16240
2904 47 13020
2905 33 13290
2906 40 11253
2907 42 32060
2908 32 22330
2909 46 29665
2910 42 17864
2911 43 32005
2912 37 15363
2913 48 18715
2914 41 23109
2915 36 34215
2916 41 15100
2917 36 14584
2918 44 24770
2919 49 22979
2920 38 12115
2921 35 36316
2922 30 16500
2923 37 41608
2924 41 16925
2925 46 38421
2926 30 15756
2927 45 15808
2928 42 16140
2929 40 33804
2930 33 25743
2931 34 15133
2932 38 28016
2933 32 23471
2934 48 36854
2935 49 38084
2936 41 10608
2937 39 39198
2938 38 25606
2939 38 28442
2940 45 14729
2941 32 31891
2942 47 23792
2943 30 27597
2944 35 40006
2945 38 10135
2946 45 19243
2947 41 23590
2948 39 19008
2949 49 30562
2950 46 23057
2951 32 24205
2952 46 10329
2953 44 18578
2954 39 31928
2955 39 13149
2956 45 42548
2957 34 36879
2958 39 23826
2959 34 21737
2960 38 17655
2961 32 30013
2962 47 10568
2963 36 40654
2964 42 33348
2965 38 22883
2966 37 23379
2967 40 36986
2968 34 25460
2969 41 30811
2970 35 22235
2971 40 30460
2972 39 40213
2973 32 36475
2974 37 31059
2975 38 35342
2976 30 37542
2977 42 12226
2978 46 30804
2979 41 18528
2980 36 10897
2981 35 15430
2982 31 10810
2983 49 40742
2984 49 12905
2985 41 40412
2986 37 38140
2987 38 10467
2988 48 20324
2989 41 15113
2990 45 24400
2991 47 36727
2992 46 14107
2993 34 19241
2994 33 32767
2995 45 23910
2996 35 11391
2997 30 30685
2998 49 18309
2999 33 19050
3000 42 32030
3001 39 30649
3002 33 40940
3003 39 20284
3004 31 31384
3005 36 36398
3006 45 40682
3007 35 35998
3008 46 11355
3009 32 40116
3010 47 17976
3011 33 20908
3012 49 13734
3013 38 12604
3014 40 36404
3015 36 19811
3016 31 11196
3017 34 15828
3018 38 38585
3019 31 14194
3020 36 22631
3021 31 26012
3022 32 39486
3023 41 31808
3024 48 42159
3025 46 35560
3026 43 32557
3027 30 14397
3028 47 10203
3029 30 35509
3030 40 41861
3031 33 36460
3032 36 38568
3033 33 20817
3034 30 16050
3035 43 42544
3036 37 36552
3037 34 13381
3038 38 30124
3039 44 23638
3040 35 31389
3041 35 15750
3042 36 32078
3043 41 29539
3044 42 35127
3045 34 21468
3046 44 26360
3047 30 20255
3048 36 30346
3049 31 27794
3050 37 29543
3051 38 34658
3052 49 40947
3053 32 12894
3054 41 34771
3055 35 24093
3056 46 41197
3057 48 19858
3058 42 41289
3059 38 25770
3060 39 29711
3061 40 14724
3062 47 25163
3063 31 23640
3064 37 21577
3065 47 21306
3066 34 38565
3067 49 40497
3068 36 23135
3069 40 36185
3070 36 18833
3071 42 38414
3072 36 37541
3073 41 30031
3074 46 18958
3075 45 40157
3076 39 34555
3077 39 30143
3078 44 14717
3079 47 15921
3080 47 30987
3081 40 33325
3082 43 32893
3083 30 13578
3084 49 18626
3085 44 38890
3086 47 17927
3087 31 11237
3088 49 17164
3089 36 16448
3090 32 17612
3091 35 35847
3092 43 21715
3093 46 32737
3094 45 39630
3095 44 26629
3096 41 24121
3097 41 24461
3098 31 28476
3099 37 19863
3100 46 41491
3101 32 31234
3102 32 35475
3103 32 35486
3104 31 36265
3105 41 15144
3106 36 15601
3107 31 12658
3108 48 21676
3109 49 15484
3110 30 11964
3111 38 26736
3112 45 40312
3113 49 27325
3114 39 30579
3115 39 20675
3116 38 14731
3117 35 24789
3118 34 38611
3119 46 36978
3120 37 42564
3121 30 41993
3122 48 11310
3123 38 19370
3124 42 20959
3125 38 11620
3126 42 34822
3127 32 39245
3128 44 24752
3129 31 27744
3130 35 29680
3131 46 16058
3132 49 28318
3133 48 11990
3134 45 19624
3135 31 16093
3136 42 35043
3137 48 39464
3138 30 19055
3139 34 34938
3140 48 23553
3141 44 41388
3142 48 37804
3143 36 20406
3144 35 20999
3145 31 42586
3146 33 30146
3147 46 24294
3148 45 40197
3149 34 11193
3150 43 24623
3151 46 27291
3152 49 27085
3153 34 19974
3154 31 32230
3155 45 13548
3156 42 14059
3157 35 26022
3158 35 35053
3159 30 35846
3160 41 35814
3161 30 33741
3162 30 13369
3163 37 28657
3164 46 36023
3165 39 13423
3166 35 18376
3167 31 27557
3168 46 42377
3169 40 12647
3170 37 19200
3171 32 27980
3172 45 19122
3173 33 29413
3174 46 22854
3175 33 10713
3176 35 35058
3177 32 18717
3178 33 31970
3179 43 22472
3180 42 25066
3181 47 27437
3182 33 11282
3183 35 19767
3184 35 12511
3185 48 10062
3186 39 17516
3187 40 19749
3188 37 37807
3189 41 41022
3190 31 41081
3191 39 36873
3192 42 37907
3193 44 17388
3194 38 41870
3195 38 21398
3196 37 36118
3197 49 26468
3198 43 22508
3199 39 32204
3200 43 35029
3201 30 13309
3202 44 31514
3203 33 40770
3204 33 37496
3205 30 20929
3206 38 38018
3207 31 24753
3208 37 14447
3209 46 31517
3210 44 29258
3211 49 10180
3212 41 15089
3213 40 26057
3214 36 10357
3215 41 32543
3216 49 41650
3217 40 11513
3218 35 28217
3219 43 36269
3220 32 15331
3221 32 10436
3222 46 30114
3223 34 10541
3224 45 12655
3225 35 24275
3226 49 39271
3227 40 20479
3228 38 17523
3229 34 30798
3230 32 32011
3231 39 38443
3232 32 23549
3233 46 26883
3234 47 31544
3235 43 20914
3236 41 26889
3237 41 13272
3238 38 32343
3239 49 37400
3240 31 23224
3241 43 30834
3242 45 40819
3243 49 12081
3244 38 40658
3245 47 13862
3246 45 10063
3247 46 31531
3248 44 27262
3249 31 28703
3250 35 19909
3251 48 25563
3252 43 18239
3253 32 40656
3254 41 21345
3255 36 36684
3256 47 41010
3257 37 39580
3258 34 20797
3259 43 16261
3260 44 19334
3261 42 27588
3262 34 23327
3263 45 35226
3264 43 19515
3265 36 11152
3266 43 20432
3267 35 11253
3268 32 18462
3269 36 25280
3270 37 29630
3271 33 36837
3272 39 28164
3273 49 37173
3274 44 12756
3275 38 16998
3276 40 18501
3277 42 19163
3278 30 40601
3279 37 28722
3280 44 14203
3281 47 38361
3282 44 39303
3283 30 12553
3284 37 37244
3285 45 30203
3286 43 10413
3287 48 11836
3288 44 41108
3289 48 20831
3290 42 27272
3291 32 28800
3292 41 32519
3293 37 39518
3294 49 14877
3295 38 24816
3296 30 35526
3297 49 27324
3298 34 24922
3299 40 18786
3300 40 28015
3301 33 31763
3302 32 30126
3303 36 24559
3304 47 29834
3305 30 10621
3306 30 15078
3307 33 10684
3308 33 13826
3309 47 26240
3310 34 10314
3311 48 16654
3312 36 15585
3313 45 22334
3314 49 27640
3315 39 19085
3316 32 14928
3317 35 30172
3318 40 34944
3319 43 42455
3320 35 30414
3321 43 28978
3322 36 26815
3323 39 42311
3324 43 32686
3325 35 12468
3326 42 34303
3327 41 22791
3328 46 19670
3329 39 10656
3330 35 31823
3331 47 14675
3332 31 23221
3333 34 29033
3334 42 10528
3335 33 15375
3336 45 29828
3337 40 14690
3338 38 12321
3339 42 41355
3340 35 10945
3341 48 40878
3342 30 33371
3343 36 33941
3344 30 12777
3345 34 33126
3346 34 17295
3347 40 31168
3348 30 42356
3349 42 14860
3350 41 10703
3351 32 18931
3352 34 27414
3353 45 31791
3354 44 13147
3355 35 37940
3356 35 12851
3357 48 12127
3358 32 20157
3359 36 25269
3360 31 19362
3361 32 32595
3362 47 20775
3363 31 32542
3364 39 21926
3365 37 34904
3366 35 22284
3367 41 37405
3368 49 30761
3369 46 19709
3370 32 27388
3371 44 23083
3372 39 11578
3373 40 24828
3374 32 36548
3375 44 34208
3376 44 20937
3377 44 30058
3378 36 33477
3379 44 31738
3380 48 31393
3381 46 12833
3382 37 26516
3383 41 41576
3384 35 18853
3385 48 34925
3386 38 38355
3387 33 26525
3388 37 16206
3389 33 27382
3390 48 18511
3391 47 41683
3392 45 17508
3393 46 38637
3394 36 29785
3395 34 37405
3396 34 26620
3397 33 23162
3398 44 27753
3399 31 33777
3400 33 36273
3401 36 33892
3402 45 10480
3403 39 30708
3404 40 34854
3405 38 26882
3406 31 21372
3407 36 17159
3408 47 23483
3409 33 10337
3410 34 28690
3411 31 33426
3412 34 42381
3413 32 41397
3414 44 16583
3415 39 27408
3416 47 25268
3417 39 16389
3418 43 16288
3419 37 15835
3420 48 37816
3421 40 35858
3422 48 19116
3423 43 29241
3424 31 30803
3425 47 12167
3426 45 24158
3427 48 23974
3428 32 24429
3429 34 21862
3430 32 31279
3431 40 26466
3432 36 18260
3433 38 37810
3434 32 35700
3435 32 37693
3436 36 19003
3437 48 19032
3438 31 31356
3439 30 28578
3440 47 37621
3441 32 41827
3442 32 13805
3443 31 13026
3444 44 22002
3445 42 41056
3446 46 22623
3447 36 37826
3448 42 35449
3449 42 24846
3450 38 17466
3451 45 10566
3452 38 24615
3453 38 36681
3454 39 20940
3455 40 23998
3456 39 11431
3457 46 39992
3458 30 27566
3459 42 16657
3460 35 19891
3461 48 15029
3462 47 13655
3463 35 17993
3464 33 15178
3465 48 17148
3466 49 38913
3467 39 14432
3468 49 17970
3469 49 27543
3470 37 20923
3471 36 29256
3472 32 16049
3473 32 33673
3474 39 25295
3475 30 42560
3476 37 32647
3477 38 39353
3478 40 30037
3479 48 16469
3480 32 39214
3481 33 15776
3482 36 39704
3483 32 12342
3484 45 39252
3485 32 17717
3486 42 32168
3487 37 42556
3488 47 10904
3489 39 17432
3490 44 23743
3491 36 36792
3492 49 34949
3493 31 40958
3494 41 30425
3495 45 24191
3496 41 33739
3497 30 28252
3498 49 14350
3499 43 26547
3500 48 37572
3501 49 34646
3502 32 19250
3503 42 26067
3504 30 10789
3505 47 31210
3506 42 26927
3507 32 27141
3508 47 23043
3509 34 19800
3510 49 33441
3511 38 18594
3512 36 27402
3513 40 15315
3514 31 40882
3515 40 19714
3516 38 30712
3517 36 21102
3518 43 37432
3519 34 16521
3520 36 16223
3521 49 41536
3522 46 22028
3523 37 37105
3524 32 10650
3525 35 28377
3526 43 15276
3527 38 41434
3528 32 16144
3529 48 34281
3530 31 14612
3531 33 38287
3532 37 35495
3533 36 11310
3534 32 31960
3535 41 39193
3536 40 42123
3537 36 19358
3538 37 40838
3539 38 32649
3540 40 24864
3541 32 20181
3542 42 36666
3543 43 14465
3544 31 24644
3545 43 21952
3546 33 37249
3547 46 28163
3548 41 30921
3549 32 12170
3550 37 30579
3551 49 21886
3552 33 15410
3553 34 17863
3554 37 24587
3555 46 32790
3556 30 36524
3557 44 25822
3558 48 42185
3559 49 13874
3560 42 36687
3561 46 36284
3562 35 19594
3563 37 10827
3564 36 19605
3565 30 15542
3566 30 41126
3567 36 36595
3568 39 33050
3569 39 20925
3570 36 16459
3571 44 23587
3572 45 21653
3573 30 34248
3574 49 19992
3575 47 20425
3576 41 23830
3577 46 39294
3578 30 37885
3579 37 30097
3580 37 23681
3581 46 10531
3582 48 14674
3583 39 16883
3584 44 30282
3585 37 20933
3586 47 26421
3587 38 35965
3588 44 22898
3589 42 37798
3590 40 30503
3591 39 30049
3592 30 39617
3593 48 40427
3594 41 34793
3595 45 33345
3596 32 15173
3597 31 28550
3598 33 38036
3599 33 32313
3600 31 38666
3601 44 31072
3602 36 27127
3603 37 26925
3604 49 14362
3605 46 11722
3606 44 38453
3607 33 33364
3608 30 18871
3609 42 10534
3610 40 11933
3611 34 14852
3612 40 10199
3613 36 24528
3614 33 34764
3615 47 38592
3616 43 18144
3617 30 32082
3618 30 15361
3619 34 22911
3620 33 28580
3621 37 24776
3622 40 39871
3623 31 27965
3624 41 35743
3625 42 25232
3626 34 25769
3627 32 28103
3628 39 32110
3629 40 20278
3630 33 23193
3631 37 20930
3632 40 16787
3633 47 17310
3634 36 40705
3635 49 33789
3636 42 21351
3637 43 22131
3638 39 25222
3639 49 30712
3640 38 37471
3641 49 15054
3642 33 19674
3643 44 34228
3644 44 41858
3645 45 18474
3646 47 14042
3647 35 39100
3648 40 35626
3649 45 37767
3650 34 37607
3651 33 32371
3652 39 31482
3653 41 34269
3654 31 40841
3655 46 24480
3656 36 36895
3657 33 39875
3658 41 16449
3659 40 12598
3660 35 32202
3661 31 14943
3662 39 39085
3663 38 10344
3664 33 24557
3665 36 17808
3666 45 17890
3667 38 32236
3668 38 12852
3669 44 25433
3670 44 20998
3671 40 35982
3672 45 10054
3673 40 39056
3674 49 15916
3675 44 38649
3676 38 23612
3677 49 10952
3678 42 15987
3679 43 16577
3680 45 42082
3681 46 29563
3682 41 33889
3683 32 34483
3684 44 26924
3685 35 36987
3686 42 13180
3687 39 16992
3688 49 23162
3689 47 40347
3690 39 23594
3691 46 34022
3692 49 27408
3693 33 25496
3694 46 39114
3695 32 21761
3696 40 21840
3697 35 10317
3698 42 10514
3699 37 40018
3700 39 42041
3701 47 35862
3702 41 10154
3703 46 20462
3704 42 31908
3705 36 41092
3706 34 13834
3707 41 41002
3708 34 41660
3709 32 42050
3710 30 14992
3711 40 15269
3712 34 30654
3713 30 36935
3714 45 36069
3715 31 29077
3716 33 27634
3717 45 25148
3718 47 11408
3719 31 16213
3720 36 41193
3721 34 20528
3722 46 24027
3723 33 38191
3724 37 14328
3725 39 20857
3726 42 18661
3727 35 24166
3728 39 35060
3729 33 10477
3730 47 30472
3731 33 39047
3732 35 15662
3733 39 23617
3734 46 19053
3735 46 34288
3736 46 35505
3737 39 17601
3738 42 19436
3739 36 18336
3740 48 35770
3741 46 42289
3742 44 27433
3743 34 27201
3744 41 28280
3745 35 28929
3746 49 36075
3747 45 12914
3748 30 30980
3749 37 12472
3750 40 33727
3751 42 13401
3752 39 40355
3753 40 12186
3754 49 20173
3755 34 33385
3756 38 39738
3757 47 24219
3758 40 15097
3759 45 32623
3760 47 26129
3761 48 39048
3762 40 16957
3763 48 40930
3764 30 21707
3765 32 13171
3766 49 17733
3767 33 42604
3768 49 19877
3769 31 35678
3770 40 31563
3771 41 10163
3772 35 28654
3773 35 29227
3774 31 13365
3775 40 24940
3776 40 30150
3777 42 12484
3778 34 18668
3779 43 12450
3780 39 18971
3781 33 34181
3782 44 22014
3783 35 13123
3784 40 36575
3785 35 19441
3786 45 40055
3787 36 24811
3788 30 36750
3789 47 14741
3790 39 42236
3791 41 42740
3792 32 23519
3793 37 23607
3794 42 33064
3795 38 21437
3796 46 34505
3797 30 17731
3798 44 18218
3799 30 23865
3800 31 17848
3801 47 36470
3802 41 41887
3803 39 20155
3804 49 27664
3805 35 41931
3806 40 40364
3807 31 27136
3808 41 32482
3809 48 32421
3810 35 26976
3811 36 18301
3812 31 23789
3813 43 15933
3814 32 25672
3815 34 33258
3816 37 14039
3817 41 18766
3818 32 38994
3819 32 14606
3820 47 21420
3821 45 25855
3822 47 24806
3823 45 30668
3824 38 23958
3825 49 27921
3826 36 36418
3827 48 18798
3828 42 13022
3829 37 39241
3830 35 41749
3831 34 35376
3832 48 30499
3833 42 31774
3834 44 34911
3835 46 16144
3836 48 24792
3837 30 42662
3838 38 21384
3839 46 32979
3840 30 32515
3841 47 40382
3842 32 31422
3843 49 18011
3844 40 29491
3845 45 35960
3846 39 37779
3847 45 39463
3848 36 23490
3849 36 24521
3850 49 30677
3851 45 34602
3852 38 27212
3853 43 14194
3854 40 27824
3855 46 18640
3856 36 25199
3857 46 22574
3858 38 10242
3859 30 35406
3860 33 31939
3861 34 35613
3862 44 20478
3863 49 16681
3864 35 27164
3865 30 38512
3866 33 20740
3867 48 28425
3868 41 29438
3869 48 15190
3870 41 42430
3871 30 22207
3872 36 28513
3873 49 25894
3874 33 28030
3875 37 28819
3876 40 37542
3877 41 30156
3878 33 27863
3879 45 10706
3880 49 18392
3881 31 23416
3882 36 21625
3883 40 15255
3884 39 39462
3885 32 23429
3886 39 27218
3887 43 42201
3888 47 26016
3889 30 16039
3890 33 28897
3891 31 37813
3892 44 19505
3893 31 19032
3894 49 26844
3895 34 18940
3896 45 10972
3897 46 13188
3898 44 35077
3899 43 18687
3900 36 35643
3901 37 30322
3902 37 34889
3903 47 20634
3904 38 19764
3905 44 16373
3906 39 38426
3907 33 32126
3908 48 34044
3909 46 21459
3910 39 40205
3911 45 37571
3912 42 18769
3913 34 40053
3914 42 11190
3915 33 15021
3916 30 28147
3917 48 20432
3918 47 40899
3919 36 19133
3920 48 26211
3921 47 21907
3922 32 28503
3923 36 22266
3924 47 19678
3925 37 23185
3926 41 11432
3927 37 41089
3928 30 18844
3929 42 15728
3930 46 40923
3931 39 11082
3932 32 22085
3933 42 16530
3934 47 37663
3935 36 34620
3936 42 39348
3937 38 11587
3938 45 11527
3939 33 39028
3940 48 22511
3941 48 21540
3942 31 29996
3943 43 27345
3944 34 12901
3945 41 38615
3946 33 24323
3947 31 23747
3948 30 13417
3949 46 26348
3950 48 30459
3951 39 11604
3952 32 26606
3953 35 26122
3954 47 36315
3955 36 14711
3956 30 28292
3957 45 37728
3958 49 32345
3959 32 29839
3960 38 23186
3961 38 12878
3962 34 26878
3963 49 26690
3964 39 17621
3965 33 22095
3966 38 33336
3967 49 18303
3968 46 23065
3969 42 16425
3970 48 20160
3971 40 24781
3972 39 23861
3973 43 30808
3974 44 27182
3975 31 31702
3976 48 22860
3977 36 21175
3978 44 13273
3979 35 28210
3980 41 32833
3981 40 18288
3982 47 32244
3983 42 29560
3984 46 29051
3985 33 19749
3986 39 39653
3987 36 38018
3988 32 25818
3989 49 41054
3990 43 25832
3991 40 10751
3992 45 30200
3993 46 42037
3994 37 39909
3995 44 17983
3996 47 35748
3997 43 18496
3998 39 13709
3999 43 37434
4000 35 38811
4001 39 40895
4002 38 31675
4003 47 27104
4004 31 10888
4005 35 38406
4006 43 38152
4007 34 17320
4008 33 38974
4009 31 27692
4010 40 21423
4011 44 12114
4012 37 10292
4013 49 27636
4014 35 26276
4015 33 30719
4016 49 36416
4017 37 31739
4018 42 18671
4019 31 13684
4020 30 10135
4021 38 33058
4022 42 35661
4023 48 22697
4024 34 14341
4025 46 14654
4026 41 21512
4027 33 32664
4028 41 41832
4029 37 31485
4030 48 12566
4031 42 40004
4032 37 24434
4033 39 34587
4034 46 39024
4035 49 15111
4036 42 39327
4037 40 22214
4038 42 12981
4039 36 29728
4040 41 19827
4041 42 37710
4042 35 19454
4043 43 21627
4044 43 18168
4045 49 41744
4046 41 34563
4047 49 18882
4048 40 19831
4049 42 30628
4050 39 11886
4051 42 23973
4052 33 29301
4053 37 35140
4054 39 16511
4055 37 19557
4056 39 16624
4057 46 11135
4058 44 37088
4059 44 17063
4060 41 18651
4061 38 10015
4062 47 40138
4063 33 20086
4064 44 17110
4065 41 17751
4066 45 27992
4067 30 20376
4068 45 18482
4069 30 14384
4070 32 42026
4071 36 29461
4072 43 23332
4073 49 35893
4074 48 36414
4075 35 34309
4076 46 15175
4077 36 36701
4078 43 22794
4079 37 11161
4080 36 16983
4081 30 22840
4082 43 17885
4083 45 17004
4084 47 17707
4085 41 24669
4086 44 30582
4087 30 34059
4088 30 13555
4089 34 18706
4090 38 13797
4091 32 12738
4092 35 31923
4093 37 22845
4094 36 17570
4095 49 17832
4096 44 22272
4097 37 15754
4098 49 42731
4099 44 38636
4100 44 38905
4101 37 35805
4102 33 28258
4103 39 23137
4104 49 10119
4105 48 12026
4106 32 28646
4107 45 24648
4108 44 10199
4109 43 10098
4110 35 31408
4111 39 37980
4112 41 33816
4113 48 19920
4114 36 28082
4115 35 36131
4116 36 25457
4117 45 33284
4118 40 18219
4119 33 13939
4120 32 15429
4121 38 29711
4122 37 35470
4123 30 25410
4124 38 33706
4125 48 29167
4126 33 39061
4127 37 21169
4128 36 13606
4129 31 26317
4130 37 21920
4131 33 29787
4132 47 11947
4133 41 30564
4134 46 14931
4135 36 30682
4136 33 40149
4137 47 26548
4138 34 10862
4139 41 29595
4140 35 29538
4141 36 13799
4142 45 11758
4143 32 12003
4144 47 11762
4145 48 38531
4146 37 26725
4147 32 23328
4148 42 21759
4149 43 15825
4150 47 27286
4151 46 18548
4152 33 33566
4153 43 41613
4154 43 14932
4155 33 24958
4156 43 26231
4157 42 42446
4158 32 11420
4159 30 31339
4160 49 31361
4161 43 19511
4162 33 28144
4163 41 16189
4164 45 30210
4165 34 29790
4166 46 21749
4167 40 19802
4168 33 10567
4169 31 13947
4170 30 23375
4171 42 17495
4172 41 18591
4173 44 22869
4174 43 22716
4175 34 23045
4176 46 24349
4177 38 34922
4178 43 23663
4179 42 15804
4180 43 25997
4181 46 14173
4182 38 16558
4183 35 22247
4184 36 14774
4185 43 24228
4186 44 21679
4187 30 10960
4188 42 29138
4189 42 32113
4190 40 14510
4191 32 30124
4192 43 18506
4193 37 36064
4194 37 18514
4195 49 17129
4196 39 39862
4197 49 20577
4198 33 12097
4199 42 37047
4200 46 16147
4201 34 12136
4202 40 33793
4203 37 19156
4204 48 38470
4205 32 33875
4206 43 34065
4207 37 10395
4208 41 15057
4209 43 35995
4210 44 21576
4211 46 14927
4212 36 42195
4213 46 26175
4214 44 19564
4215 49 12708
4216 31 37957
4217 43 18028
4218 38 19734
4219 37 12686
4220 47 13938
4221 46 21872
4222 30 39108
4223 30 12621
4224 34 17336
4225 49 23520
4226 34 41279
4227 45 16057
4228 30 37245
4229 36 11527
4230 40 24111
4231 39 11210
4232 47 21619
4233 42 31378
4234 37 35323
4235 49 29546
4236 44 36623
4237 38 32122
4238 32 24806
4239 41 24957
4240 33 26694
4241 41 41009
4242 42 15975
4243 39 18993
4244 49 26249
4245 43 38415
4246 49 13512
4247 34 23683
4248 36 19203
4249 48 35838
4250 39 31489
4251 45 23569
4252 42 35089
4253 45 24163
4254 33 19670
4255 48 20006
4256 30 38402
4257 44 32848
4258 44 39214
4259 32 26115
4260 43 36112
4261 49 32744
4262 38 39606
4263 34 15466
4264 31 25501
4265 33 21521
4266 32 14006
4267 31 40560
4268 31 10674
4269 43 24416
4270 35 15922
4271 36 32643
4272 42 37556
4273 37 21569
4274 45 27972
4275 35 23225
4276 34 16999
4277 37 26213
4278 46 17593
4279 42 36699
4280 40 39464
4281 36 30065
4282 34 39401
4283 46 33969
4284 31 33382
4285 31 40163
4286 41 30939
4287 48 41231
4288 34 27746
4289 32 21831
4290 49 13464
4291 47 24608
4292 41 34855
4293 42 37530
4294 43 16847
4295 37 38001
4296 33 27339
4297 45 35838
4298 41 14249
4299 38 41024
4300 32 41191
4301 36 39071
4302 43 37614
4303 49 12677
4304 32 26963
4305 36 19941
4306 44 38745
4307 34 19777
4308 39 37926
4309 44 19162
4310 38 27447
4311 37 13830
4312 47 16877
4313 33 23773
4314 44 18758
4315 45 31174
4316 49 32553
4317 44 27015
4318 39 25803
4319 35 13024
4320 47 30735
4321 30 18909
4322 35 23541
4323 37 18535
4324 47 16506
4325 41 33463
4326 36 21617
4327 45 14773
4328 38 27700
4329 32 34416
4330 33 40525
4331 47 16688
4332 34 29542
4333 36 27599
4334 40 30994
4335 46 23131
4336 31 40795
4337 48 17972
4338 39 22300
4339 49 30495
4340 35 31612
4341 36 35589
4342 37 15163
4343 37 28762
4344 36 34440
4345 46 12379
4346 32 35983
4347 46 32168
4348 45 40979
4349 44 28904
4350 33 31904
4351 48 16496
4352 42 28224
4353 35 24875
4354 33 23484
4355 35 11826
4356 32 14274
4357 40 16855
4358 44 30613
4359 40 26127
4360 39 28176
4361 48 15231
4362 35 24602
4363 37 15769
4364 34 25575
4365 46 28550
4366 34 11925
4367 44 37084
4368 34 27653
4369 42 35398
4370 42 11013
4371 44 41388
4372 40 23587
4373 37 17023
4374 39 27581
4375 49 37424
4376 33 12338
4377 47 29185
4378 34 19261
4379 44 18094
4380 47 18906
4381 32 13213
4382 42 20559
4383 41 15000
4384 44 34863
4385 41 12872
4386 48 25702
4387 32 38103
4388 33 13237
4389 45 38288
4390 47 29746
4391 46 34647
4392 41 31383
4393 32 14148
4394 39 22151
4395 37 17875
4396 48 31010
4397 48 36446
4398 42 38255
4399 42 40929
4400 39 35463
4401 35 31540
4402 46 30093
4403 34 35392
4404 32 24017
4405 35 24798
4406 37 22452
4407 43 41824
4408 32 35620
4409 31 14314
4410 46 20679
4411 48 32561
4412 43 42295
4413 42 34366
4414 47 37843
4415 38 17968
4416 48 33555
4417 46 26700
4418 34 35434
4419 33 29616
4420 34 15885
4421 47 38780
4422 42 14145
4423 47 16229
4424 43 40961
4425 32 39382
4426 30 16141
4427 47 32309
4428 35 32207
4429 41 34542
4430 47 13209
4431 36 34370
4432 36 14875
4433 38 36373
4434 49 32043
4435 48 25138
4436 40 27712
4437 43 10685
4438 31 32281
4439 44 24513
4440 38 26516
4441 48 11307
4442 49 19622
4443 37 17801
4444 36 40674
4445 35 37219
4446 30 40738
4447 48 15376
4448 49 40996
4449 37 16976
4450 46 17985
4451 49 13843
4452 43 42112
4453 38 13618
4454 43 20922
4455 33 25616
4456 39 28806
4457 32 38733
4458 31 15139
4459 42 32537
4460 33 32935
4461 33 27599
4462 30 13067
4463 48 30423
4464 46 15863
4465 42 19457
4466 46 27736
4467 37 20188
4468 47 14118
4469 43 13489
4470 35 33251
4471 39 14125
4472 47 39356
4473 45 36062
4474 46 21074
4475 44 11278
4476 48 26516
4477 36 20901
4478 46 28212
4479 35 10512
4480 38 42138
4481 33 37739
4482 45 29794
4483 41 15192
4484 44 30920
4485 30 12363
4486 36 30868
4487 47 32562
4488 31 33374
4489 32 30657
4490 38 20546
4491 47 21717
4492 32 21600
4493 36 41880
4494 37 25020
4495 32 22647
4496 48 23893
4497 45 21009
4498 46 20876
4499 30 27028
4500 47 12861
4501 32 27988
4502 35 10763
4503 45 19834
4504 30 31186
4505 46 11290
4506 38 22850
4507 49 14616
4508 37 29699
4509 39 38811
4510 47 41218
4511 34 19975
4512 48 22957
4513 32 17077
4514 41 21830
4515 33 22233
4516 32 37020
4517 31 40542
4518 45 33992
4519 35 20129
4520 41 28609
4521 44 38731
4522 36 26593
4523 33 32706
4524 41 36788
4525 41 26849
4526 42 12709
4527 40 17916
4528 48 25451
4529 34 20827
4530 47 40766
4531 42 16307
4532 30 38204
4533 31 37693
4534 38 24969
4535 41 31361
4536 45 25616
4537 47 28664
4538 47 15598
4539 39 26366
4540 32 31977
4541 38 34781
4542 42 31620
4543 37 40911
4544 31 35990
4545 49 19271
4546 37 36196
4547 48 20460
4548 32 34227
4549 41 26883
4550 37 29517
4551 49 17462
4552 46 22247
4553 36 26114
4554 32 20345
4555 33 29752
4556 44 36185
4557 31 19010
4558 49 14526
4559 45 36412
4560 48 40819
4561 41 36602
4562 48 11239
4563 38 21137
4564 45 23514
4565 46 14852
4566 36 14164
4567 40 18970
4568 30 14509
4569 32 21135
4570 35 15567
4571 38 42010
4572 49 32508
4573 39 39684
4574 30 26033
4575 38 18238
4576 35 36491
4577 36 15415
4578 45 42293
4579 35 25067
4580 48 13767
4581 40 19922
4582 36 25884
4583 39 34249
4584 33 23048
4585 36 26623
4586 46 14465
4587 34 39567
4588 45 27657
4589 47 10836
4590 40 12541
4591 46 13328
4592 42 25764
4593 34 25603
4594 42 12798
4595 42 38789
4596 48 17873
4597 47 18754
4598 30 24164
4599 41 31773
4600 38 23520
4601 34 25079
4602 30 31837
4603 32 21186
4604 36 15094
4605 44 40359
4606 39 27522
4607 30 41261
4608 43 13509
4609 41 14496
4610 38 35121
4611 49 15404
4612 32 17039
4613 32 24164
4614 38 40748
4615 38 27953
4616 44 40797
4617 32 13657
4618 42 14450
4619 37 20254
4620 48 36474
4621 46 16302
4622 37 30813
4623 45 28240
4624 35 35382
4625 33 15760
4626 44 20476
4627 33 30697
4628 39 22232
4629 33 31885
4630 43 11698
4631 41 33889
4632 45 13795
4633 31 16456
4634 42 33551
4635 34 18767
4636 40 13709
4637 32 12382
4638 46 15598
4639 48 15987
4640 41 22652
4641 44 30615
4642 47 35279
4643 43 33288
4644 48 37315
4645 45 32848
4646 44 35446
4647 41 34888
4648 49 20764
4649 32 31272
4650 49 18628
4651 42 25151
4652 36 39782
4653 40 38121
4654 40 37076
4655 31 10195
4656 30 27489
4657 34 40120
4658 38 34905
4659 44 20755
4660 46 22183
4661 40 25472
4662 44 41014
4663 36 35519
4664 47 13037
4665 48 41883
4666 45 15454
4667 31 21017
4668 46 14203
4669 34 18370
4670 42 11758
4671 42 25578
4672 47 22249
4673 37 17462
4674 32 23432
4675 33 19158
4676 47 19739
4677 43 27951
4678 45 13297
4679 45 39140
4680 33 40318
4681 37 30340
4682 38 18158
4683 48 38984
4684 38 32132
4685 33 34972
4686 35 41051
4687 46 32627
4688 30 26460
4689 45 38548
4690 48 16780
4691 46 29788
4692 32 20726
4693 39 25008
4694 47 21735
4695 41 27408
4696 48 17206
4697 46 22023
4698 35 30658
4699 48 11127
4700 42 19831
4701 32 11369
4702 35 13945
4703 36 35432
4704 42 37186
4705 32 32148
4706 46 38611
4707 34 41456
4708 43 25167
4709 43 12951
4710 33 19607
4711 49 38110
4712 48 14012
4713 37 32390
4714 34 29801
4715 43 10642
4716 30 25484
4717 34 19807
4718 48 28905
4719 30 18438
4720 46 24930
4721 38 21562
4722 47 17933
4723 32 10012
4724 30 38269
4725 32 11959
4726 34 36542
4727 36 13610
4728 47 23286
4729 39 13732
4730 46 26802
4731 36 34754
4732 40 18489
4733 33 31470
4734 34 29320
4735 47 24262
4736 34 27841
4737 41 38601
4738 40 14377
4739 30 34476
4740 42 33559
4741 35 12834
4742 33 10589
4743 31 42510
4744 30 21260
4745 42 31301
4746 35 30380
4747 33 17012
4748 44 16437
4749 45 27082
4750 38 28791
4751 35 34917
4752 40 16552
4753 33 37572
4754 42 17494
4755 41 41643
4756 32 14324
4757 42 22060
4758 37 13491
4759 31 11493
4760 45 29285
4761 40 13451
4762 40 42662
4763 41 36179
4764 36 15481
4765 45 41958
4766 30 41491
4767 31 16860
4768 34 21149
4769 41 38638
4770 38 40962
4771 46 27747
4772 41 42283
4773 36 41320
4774 32 17213
4775 43 10827
4776 35 11432
4777 46 26073
4778 40 22320
4779 47 33608
4780 48 19001
4781 48 14454
4782 30 12540
4783 39 31592
4784 42 28775
4785 30 41802
4786 38 20188
4787 38 37984
4788 42 36884
4789 33 14248
4790 38 20925
4791 39 18971
4792 38 34236
4793 34 22739
4794 48 11543
4795 39 22144
4796 46 33519
4797 44 27627
4798 35 10513
4799 47 18562
4800 48 12301
4801 38 39194
4802 32 37589
4803 42 14957
4804 36 33348
4805 43 35327
4806 30 14127
4807 38 13167
4808 38 33223
4809 39 20827
4810 34 33644
4811 44 32868
4812 33 31823
4813 49 26618
4814 43 26737
4815 49 36838
4816 44 24535
4817 42 27363
4818 37 23577
4819 38 40341
4820 48 14739
4821 49 34498
4822 35 38100
4823 31 14498
4824 38 38193
4825 48 15508
4826 31 23421
4827 32 29089
4828 49 14419
4829 46 27540
4830 33 36731
4831 44 15248
4832 42 30283
4833 33 19558
4834 35 14618
4835 33 19490
4836 46 38936
4837 39 18817
4838 36 17962
4839 48 34640
4840 32 38049
4841 36 24802
4842 47 19673
4843 38 16930
4844 40 38192
4845 46 31470
4846 49 28877
4847 43 26809
4848 44 33328
4849 43 25255
4850 49 18053
4851 30 21408
4852 41 37930
4853 34 19218
4854 35 20721
4855 45 22611
4856 33 42237
4857 45 36327
4858 36 30031
4859 45 24848
4860 30 15709
4861 47 36730
4862 41 33096
4863 33 38877
4864 49 39566
4865 43 29672
4866 30 40778
4867 40 28889
4868 36 10336
4869 31 37254
4870 49 21799
4871 40 40903
4872 41 11117
4873 40 19590
4874 38 26862
4875 37 17624
4876 37 38802
4877 37 18410
4878 40 18441
4879 46 23735
4880 45 20139
4881 43 38830
4882 30 19608
4883 42 16346
4884 39 17298
4885 36 24624
4886 47 32012
4887 45 15622
4888 46 15704
4889 35 36579
4890 39 41478
4891 44 39715
4892 45 14021
4893 31 38963
4894 30 20081
4895 31 36418
4896 41 38414
4897 30 26298
4898 42 13789
4899 47 27628
4900 39 14549
4901 33 26532
4902 33 27934
4903 43 10924
4904 41 36965
4905 49 24672
4906 43 28964
4907 42 30942
4908 36 18990
4909 48 31111
4910 33 36893
4911 49 30393
4912 42 16510
4913 48 11025
4914 42 37065
4915 41 24475
4916 32 12161
4917 32 30133
4918 34 13340
4919 40 11923
4920 42 27259
4921 37 38304
4922 36 27929
4923 37 35380
4924 30 36163
4925 31 39513
4926 45 27373
4927 37 33687
4928 34 26115
4929 40 36852
4930 34 20810
4931 33 29873
4932 33 37677
4933 48 42357
4934 44 15110
4935 44 35287
4936 32 37312
4937 42 31878
4938 35 25331
4939 33 17038
4940 33 14268
4941 34 36445
4942 47 36608
4943 48 30103
4944 44 22242
4945 44 20967
4946 47 39312
4947 44 42042
4948 45 33713
4949 44 36664
4950 48 13594
4951 30 10450
4952 41 15516
4953 43 35894
4954 36 17921
4955 44 35993
4956 49 28048
4957 49 32388
4958 36 28341
4959 32 37044
4960 47 35749
4961 47 28332
4962 42 10762
4963 38 13953
4964 38 17698
4965 36 30864
4966 47 36823
4967 44 21279
4968 33 33206
4969 43 38163
4970 48 40914
4971 45 31294
4972 44 12020
4973 47 22786
4974 39 11947
4975 41 19497
4976 39 38160
4977 34 21832
4978 49 20838
4979 30 29457
4980 45 12248
4981 37 33873
4982 37 25341
4983 46 23450
4984 31 18421
4985 37 28862
4986 34 32822
4987 36 29867
4988 45 18530
4989 42 33099
4990 41 38336
4991 44 33393
4992 42 35884
4993 33 38396
4994 46 23700
4995 47 20660
4996 40 41067
4997 48 25230
4998 45 24714
4999 35 20574
5000 34 13951
5001 44 12828
5002 49 27962
5003 31 27720
5004 40 17039
5005 35 32784
5006 48 32021
5007 38 41287
5008 39 33343
5009 37 37452
5010 46 34499
5011 44 42358
5012 42 26544
5013 36 32921
5014 34 17598
5015 41 10949
5016 48 42172
5017 39 21839
5018 39 21295
5019 45 35009
5020 35 21106
5021 39 13126
5022 40 16391
5023 48 22949
5024 45 28880
5025 49 11515
5026 47 26977
5027 36 22177
5028 45 15039
5029 46 14598
5030 39 17943
5031 32 32618
5032 49 35411
5033 33 28603
5034 31 29858
5035 38 22786
5036 34 18755
5037 46 32286
5038 34 11319
5039 35 20424
5040 43 10662
5041 39 31244
5042 44 27678
5043 45 35010
5044 42 41712
5045 31 33703
5046 38 34132
5047 38 11817
5048 47 28459
5049 37 24578
5050 37 23140
5051 36 33589
5052 39 33913
5053 30 30989
5054 32 29058
5055 49 19241
5056 49 18121
5057 39 28354
5058 36 13545
5059 36 20386
5060 31 28120
5061 49 42384
5062 36 32117
5063 47 37404
5064 39 23403
5065 30 32263
5066 40 17283
5067 31 29893
5068 34 24010
5069 32 41413
5070 45 37384
5071 49 26245
5072 33 39551
5073 35 37280
5074 34 38896
5075 38 24141
5076 46 40271
5077 44 24851
5078 30 29624
5079 46 12702
5080 42 18297
5081 43 19182
5082 46 38222
5083 45 37469
5084 41 39725
5085 49 35641
5086 45 21032
5087 30 16342
5088 30 40783
5089 39 10856
5090 33 34723
5091 40 14093
5092 32 22381
5093 42 42436
5094 40 26525
5095 37 28236
5096 47 35837
5097 43 41241
5098 31 19285
5099 33 26600
5100 40 24282
5101 45 36252
5102 42 10369
5103 47 10326
5104 31 26625
5105 49 29214
5106 33 33968
5107 35 23406
5108 46 22151
5109 34 16502
5110 41 33506
5111 40 13566
5112 39 20958
5113 41 25643
5114 46 26469
5115 39 22674
5116 45 38728
5117 43 30305
5118 39 11762
5119 32 21633
5120 35 36763
5121 49 17157
5122 47 36359
5123 39 31803
5124 41 22838
5125 47 35643
5126 39 35206
5127 46 11729
5128 43 33346
5129 40 12551
5130 33 24975
5131 41 20165
5132 39 28461
5133 33 14395
5134 36 36250
5135 43 35859
5136 46 10596
5137 45 18592
5138 48 37079
5139 47 10623
5140 42 37455
5141 40 40295
5142 43 18889
5143 41 27680
5144 47 13969
5145 31 36305
5146 43 38944
5147 47 27692
5148 38 15745
5149 47 39709
5150 47 29911
5151 42 23045
5152 45 12515
5153 37 12210
5154 33 22670
5155 46 33412
5156 45 39147
5157 45 31628
5158 38 35881
5159 37 40581
5160 33 10355
5161 38 39403
5162 49 16297
5163 39 14770
5164 41 30074
5165 44 27706
5166 35 33610
5167 34 15507
5168 49 31199
5169 35 22077
5170 39 32477
5171 35 26070
5172 38 22623
5173 32 18302
5174 44 33638
5175 37 16091
5176 42 41420
5177 38 15865
5178 39 21240
5179 40 22403
5180 33 38543
5181 35 11781
5182 35 15056
5183 37 21817
5184 45 41056
5185 39 31621
5186 39 23472
5187 40 41280
5188 38 32836
5189 44 28752
5190 48 15486
5191 35 16958
5192 38 27846
5193 31 23517
5194 35 33564
5195 30 11528
5196 40 40057
5197 39 18482
5198 31 28553
5199 34 39088
5200 30 30892
5201 31 28685
5202 38 30009
5203 34 41420
5204 49 29807
5205 37 25172
5206 33 36528
5207 43 18696
5208 47 17350
5209 48 32442
5210 42 10085
5211 39 39150
5212 35 28460
5213 46 14258
5214 30 14292
5215 49 32500
5216 41 32587
5217 43 17816
5218 38 28644
5219 46 41926
5220 30 15609
5221 49 14109
5222 49 35708
5223 32 20181
5224 34 16757
5225 44 35571
5226 31 11616
5227 30 41247
5228 37 21217
5229 48 16058
5230 37 23632
5231 31 13120
5232 44 18690
5233 33 32553
5234 38 32355
5235 37 25273
5236 40 30263
5237 31 25984
5238 45 28320
5239 40 23167
5240 43 20663
5241 43 28204
5242 42 35038
5243 39 41671
5244 49 22543
5245 40 38075
5246 49 18396
5247 45 17423
5248 42 29402
5249 45 16643
5250 33 20899
5251 44 18800
5252 38 16578
5253 34 29070
5254 38 36380
5255 30 11810
5256 49 40118
5257 42 20295
5258 34 41964
5259 37 33359
5260 48 19308
5261 44 38506
5262 41 30615
5263 37 21276
5264 42 37402
5265 41 32936
5266 46 35028
5267 47 41461
5268 39 12655
5269 30 40090
5270 48 18989
5271 35 30488
5272 31 32984
5273 37 15976
5274 37 20187
5275 33 23396
5276 34 42480
5277 33 30137
5278 34 27360
5279 45 17762
5280 47 42055
5281 45 13533
5282 36 41317
5283 45 17812
5284 34 16727
5285 36 38200
5286 42 32085
5287 32 32252
5288 31 30915
5289 35 25841
5290 39 12345
5291 36 12528
5292 44 31953
5293 48 27099
5294 37 37718
5295 42 29468
5296 33 32554
5297 44 34211
5298 38 26372
5299 37 19671
5300 34 15824
5301 46 10042
5302 43 27728
5303 45 22186
5304 33 36959
5305 32 13701
5306 30 13525
5307 41 40222
5308 33 29063
5309 41 24387
5310 48 17623
5311 39 22469
5312 46 16585
5313 40 31806
5314 40 25505
5315 30 16267
5316 46 14448
5317 36 27573
5318 49 13855
5319 48 36925
5320 47 21458
5321 49 39943
5322 34 32702
5323 42 33113
5324 47 41416
5325 34 10148
5326 35 42371
5327 45 16920
5328 49 16235
5329 40 13104
5330 35 20330
5331 42 17593
5332 49 30480
5333 35 30969
5334 32 17409
5335 37 25871
5336 37 16261
5337 30 11675
5338 30 23108
5339 38 13901
5340 41 38796
5341 32 10737
5342 32 40378
5343 36 33807
5344 33 31127
5345 40 34366
5346 36 32975
5347 34 21164
5348 49 25542
5349 45 37531
5350 32 14708
5351 43 27323
5352 38 12317
5353 31 22691
5354 32 41972
5355 33 15331
5356 39 14601
5357 36 37469
5358 38 18457
5359 44 41703
5360 49 34325
5361 35 17001
5362 48 23679
5363 31 24305
5364 31 31976
5365 49 22894
5366 42 25655
5367 44 16925
5368 45 21122
5369 41 38083
5370 40 17055
5371 37 26952
5372 47 14519
5373 30 33371
5374 41 24960
5375 47 34586
5376 41 33771
5377 39 22006
5378 32 17768
5379 30 36433
5380 33 17679
5381 38 31621
5382 42 11338
5383 44 18255
5384 36 37851
5385 32 37597
5386 44 37459
5387 33 40166
5388 33 34124
5389 37 16543
5390 31 14606
5391 48 11363
5392 43 35425
5393 43 32870
5394 37 36026
5395 32 25816
5396 49 13073
5397 40 25650
5398 46 33771
5399 33 16813
5400 35 37263
5401 36 27924
5402 36 21855
5403 37 27753
5404 31 14784
5405 39 26906
5406 43 40994
5407 38 20924
5408 42 39164
5409 35 33405
5410 36 25060
5411 49 30160
5412 36 41476
5413 33 27656
5414 35 22425
5415 36 37841
5416 33 35140
5417 30 22219
5418 46 42066
5419 47 21690
5420 45 36170
5421 32 40193
5422 32 23130
5423 44 10594
5424 33 34693
5425 34 20029
5426 47 17044
5427 44 37830
5428 43 16705
5429 48 35036
5430 34 32276
5431 34 27543
5432 49 18658
5433 38 19622
5434 34 24059
5435 43 27142
5436 37 17248
5437 31 12997
5438 34 36247
5439 37 35022
5440 44 30210
5441 38 14059
5442 37 27322
5443 44 32898
5444 31 33886
5445 49 32190
5446 43 10330
5447 30 29209
5448 41 40592
5449 36 17543
5450 31 38762
5451 31 34743
5452 39 39865
5453 39 26139
5454 40 12791
5455 40 39101
5456 32 15546
5457 38 41224
5458 37 17541
5459 48 40210
5460 49 37682
5461 33 35588
5462 37 20907
5463 44 31666
5464 37 18612
5465 41 23954
5466 43 35820
5467 46 32888
5468 41 16973
5469 31 34805
5470 47 33240
5471 49 34088
5472 30 23605
5473 46 12889
5474 34 22627
5475 31 39359
5476 46 14803
5477 30 40510
5478 35 12165
5479 35 14334
5480 47 26103
5481 34 36904
5482 34 36114
5483 32 20020
5484 42 16210
5485 41 11909
5486 32 27098
5487 46 11595
5488 40 27961
5489 49 33247
5490 47 15620
5491 39 42517
5492 35 22682
5493 36 33346
5494 44 41383
5495 33 25048
5496 48 25918
5497 40 24046
5498 38 29354
5499 47 16919
5500 30 26432
5501 37 25920
5502 45 30940
5503 46 21410
5504 49 37069
5505 49 18398
5506 40 34646
5507 37 41183
5508 36 21533
5509 31 36641
5510 34 41489
5511 34 28506
5512 45 30129
5513 40 33223
5514 39 35523
5515 30 13450
5516 35 19150
5517 30 23768
5518 38 20478
5519 36 19942
5520 37 24633
5521 30 36312
5522 34 14986
5523 30 18472
5524 49 34099
5525 43 23087
5526 46 13569
5527 49 16863
5528 49 30391
5529 39 40917
5530 40 35244
5531 49 13626
5532 41 42738
5533 30 39744
5534 45 37533
5535 39 13587
5536 42 23810
5537 30 24210
5538 41 14348
5539 46 26938
5540 47 10483
5541 42 26110
5542 33 22774
5543 48 22019
5544 33 26614
5545 42 30075
5546 43 31220
5547 39 15122
5548 35 21731
5549 30 11179
5550 49 22104
5551 34 38244
5552 46 24817
5553 40 30221
5554 45 12174
5555 41 37025
5556 34 20660
5557 40 21090
5558 31 30384
5559 31 29600
5560 34 22870
5561 42 35164
5562 31 11370
5563 37 21563
5564 34 14873
5565 31 20109
5566 37 37648
5567 48 40532
5568 38 36364
5569 49 29069
5570 47 36605
5571 44 14887
5572 49 21005
5573 34 35949
5574 31 20782
5575 49 24018
5576 40 23294
5577 32 23388
5578 49 10270
5579 37 22049
5580 39 14411
5581 41 10647
5582 41 37603
5583 41 21150
5584 33 16027
5585 41 32661
5586 40 29321
5587 34 32985
5588 35 14036
5589 45 32371
5590 43 30125
5591 40 33523
5592 45 27989
5593 46 38045
5594 34 39517
5595 35 36208
5596 49 40303
5597 47 30653
5598 39 25135
5599 31 14397
5600 44 29988
5601 37 36840
5602 34 38048
5603 44 20224
5604 31 11554
5605 39 16390
5606 32 11182
5607 36 11423
5608 41 28930
5609 34 14210
5610 33 18104
5611 32 28178
5612 38 37820
5613 47 14643
5614 47 16277
5615 48 34924
5616 40 19566
5617 32 33673
5618 35 15858
5619 44 36391
5620 44 30541
5621 32 17915
5622 31 25840
5623 48 12208
5624 39 38635
5625 41 20399
5626 34 30461
5627 42 17202
5628 38 37290
5629 45 25450
5630 43 35826
5631 33 24486
5632 47 26496
5633 40 23738
5634 36 13678
5635 49 22299
5636 45 23532
5637 34 37474
5638 44 11633
5639 42 40001
5640 30 20536
5641 40 41478
5642 43 27451
5643 45 24380
5644 35 18928
5645 40 37143
5646 42 14950
5647 33 28070
5648 44 24993
5649 33 28416
5650 39 12354
5651 49 41445
5652 41 38358
5653 48 25745
5654 46 39792
5655 30 28078
5656 40 15952
5657 48 23722
5658 33 18881
5659 47 19417
5660 32 39812
5661 43 12844
5662 47 16464
5663 49 42343
5664 30 15961
5665 49 36636
5666 31 16862
5667 45 30160
5668 31 17442
5669 33 26904
5670 32 16237
5671 34 14994
5672 49 41689
5673 43 18175
5674 32 36639
5675 39 31222
5676 49 33182
5677 36 15323
5678 34 34127
5679 49 27940
5680 33 22894
5681 40 17170
5682 43 19440
5683 34 39273
5684 37 23079
5685 40 27085
5686 32 37926
5687 30 25799
5688 48 20412
5689 43 29095
5690 37 32290
5691 37 29117
5692 37 33716
5693 44 22681
5694 45 21314
5695 49 20056
5696 34 22248
5697 41 29221
5698 35 28264
5699 32 17017
5700 44 36732
5701 41 32193
5702 43 28314
5703 45 18792
5704 39 38686
5705 41 26245
5706 31 36827
5707 48 33433
5708 45 42365
5709 40 38936
5710 36 17992
5711 38 42429
5712 42 37644
5713 37 38103
5714 32 30581
5715 30 17932
5716 42 20472
5717 38 14663
5718 42 28169
5719 37 28881
5720 39 15207
5721 31 22717
5722 37 25496
5723 41 29493
5724 43 22258
5725 35 40779
5726 44 15552
5727 37 21328
5728 47 37475
5729 30 25837
5730 42 21382
5731 35 18541
5732 33 11186
5733 46 24051
5734 33 27633
5735 46 16028
5736 44 24381
5737 35 21681
5738 33 12008
5739 45 12669
5740 47 25671
5741 46 22629
5742 35 18248
5743 48 27210
5744 37 29107
5745 45 36200
5746 41 32073
5747 38 27942
5748 46 18177
5749 37 35480
5750 43 27666
5751 39 41381
5752 40 30089
5753 34 28676
5754 30 11674
5755 35 33435
5756 39 26101
5757 38 41689
5758 49 39105
5759 38 24872
5760 37 22020
5761 49 23180
5762 42 28078
5763 38 34563
5764 43 19068
5765 49 27465
5766 43 35946
5767 38 17414
5768 40 12656
5769 34 31130
5770 49 37309
5771 40 13050
5772 43 12467
5773 43 33626
5774 39 30280
5775 31 16804
5776 44 23707
5777 34 27100
5778 34 35811
5779 37 18447
5780 30 21242
5781 33 26967
5782 43 30008
5783 35 15130
5784 44 30298
5785 38 10645
5786 30 29600
5787 30 17989
5788 44 17783
5789 48 21468
5790 47 10045
5791 32 22712
5792 48 35585
5793 30 23067
5794 42 40280
5795 44 29076
5796 31 24979
5797 44 23384
5798 40 18684
5799 37 14205
5800 31 18413
5801 44 20824
5802 31 16851
5803 49 10087
5804 33 16761
5805 36 29584
5806 40 25919
5807 45 26272
5808 36 16125
5809 49 31564
5810 47 13756
5811 44 33822
5812 30 19356
5813 30 13597
5814 43 38004
5815 30 13578
5816 47 14866
5817 41 35719
5818 44 12579
5819 38 22668
5820 32 20015
5821 45 30443
5822 34 19501
5823 42 20184
5824 43 40596
5825 37 32433
5826 43 42749
5827 41 28536
5828 40 10925
5829 41 14266
5830 48 16032
5831 30 10971
5832 36 24814
5833 43 27652
5834 31 11425
5835 44 41758
5836 32 37201
5837 35 22430
5838 31 18982
5839 41 18457
5840 45 34831
5841 34 42702
5842 45 29003
5843 47 17069
5844 33 19613
5845 40 41345
5846 46 30910
5847 35 15179
5848 33 16617
5849 41 12274
5850 45 17819
5851 32 18376
5852 45 40149
5853 37 42142
5854 39 36745
5855 33 35935
5856 32 33268
5857 31 30566
5858 36 13077
5859 39 23559
5860 37 41859
5861 30 24070
5862 32 11853
5863 49 25590
5864 44 16042
5865 38 28085
5866 38 41888
5867 43 11893
5868 38 24307
5869 38 12828
5870 35 32500
5871 41 35046
5872 47 11018
5873 30 25980
5874 43 39177
5875 45 39186
5876 45 13750
5877 39 13851
5878 44 29965
5879 47 11703
5880 34 36631
5881 40 17647
5882 40 29823
5883 40 38480
5884 44 37409
5885 33 18829
5886 48 40264
5887 36 36391
5888 41 10841
5889 34 34643
5890 45 19991
5891 47 34456
5892 33 36301
5893 41 32724
5894 34 31996
5895 32 23719
5896 43 10073
5897 40 36483
5898 47 23623
5899 45 17861
5900 37 11543
5901 32 22947
5902 33 33187
5903 34 32734
5904 45 40742
5905 47 17518
5906 49 27501
5907 34 37030
5908 32 10912
5909 47 20099
5910 46 32858
5911 30 40996
5912 41 11477
5913 36 35989
5914 45 25928
5915 41 14974
5916 37 21196
5917 31 42577
5918 40 17763
5919 32 34054
5920 39 37115
5921 36 34191
5922 46 26747
5923 40 12933
5924 45 28484
5925 37 41660
5926 49 13220
5927 32 17094
5928 33 25907
5929 47 39559
5930 30 28687
5931 40 22886
5932 33 17013
5933 40 30922
5934 48 29736
5935 47 14298
5936 36 24476
5937 47 25786
5938 36 35568
5939 39 42688
5940 47 37649
5941 45 39506
5942 31 13724
5943 43 23146
5944 39 42585
5945 32 23804
5946 49 41837
5947 32 40616
5948 32 18316
5949 36 20353
5950 32 31697
5951 36 21973
5952 37 13073
5953 47 23858
5954 32 22203
5955 36 38692
5956 33 37278
5957 30 41047
5958 42 32574
5959 44 30763
5960 30 18032
5961 30 29144
5962 44 23664
5963 36 19887
5964 32 10694
5965 44 36393
5966 32 40061
5967 32 28594
5968 40 27554
5969 37 31610
5970 35 32266
5971 48 19642
5972 46 39619
5973 43 40223
5974 35 21451
5975 46 22627
5976 48 35805
5977 48 41021
5978 42 40551
5979 36 41255
5980 49 40218
5981 32 11701
5982 42 22667
5983 37 39276
5984 49 37333
5985 45 36181
5986 46 20812
5987 35 24526
5988 33 33429
5989 47 42557
5990 35 12482
5991 34 37550
5992 41 40264
5993 33 34958
5994 48 33505
5995 43 31482
5996 41 12736
5997 31 27737
5998 33 25754
5999 43 39486
6000 41 18034
6001 36 20934
6002 30 12082
6003 36 26602
6004 33 12652
6005 38 11906
6006 34 15841
6007 41 18917
6008 48 29079
6009 36 21615
6010 38 10670
6011 46 37971
6012 43 17455
6013 48 32134
6014 49 38793
6015 39 40098
6016 41 12927
6017 41 10511
6018 33 29865
6019 30 11227
6020 33 37856
6021 38 13828
6022 47 15655
6023 34 23590
6024 44 16371
6025 44 26305
6026 46 10459
6027 46 11677
6028 39 27932
6029 49 14833
6030 40 23158
6031 30 24149
6032 43 30530
6033 42 17588
6034 30 27872
6035 44 20906
6036 43 35526
6037 31 31252
6038 33 31444
6039 49 37578
6040 35 28609
6041 48 35754
-1 -1 -1